avg:
((4, 28, 12), 0.8056249999999999)
((4, 28, 56, 66, 34), 0.805625)
((36, 28, 90, 72, 40, 48), 0.805625)
((80, 8, 86, 72, 68), 0.8059375)
((18, 8, 32, 66, 34, 54, 87), 0.8065625)
((4, 28, 56, 66, 34), 0.806875)
((4, 28, 56, 66, 34), 0.8078125)
((4, 28, 56, 66, 34), 0.8078125)
((4, 28, 56, 66, 34), 0.8103125)
((62, 66, 4, 16, 84, 54, 90, 86), 0.810625)
best:
((4, 28, 12), 0.80875)
((80, 8, 86, 72, 68), 0.80875)
((4, 28, 56, 66, 34), 0.81)
((60, 89, 82, 83, 56, 88, 48), 0.81)
((4, 28, 56, 66, 34), 0.81)
((4, 28, 56, 66, 34), 0.81125)
((36, 89, 50, 48), 0.81125)
((4, 28, 56, 66, 34), 0.81125)
((4, 28, 56, 66, 34), 0.81125)
((62, 66, 4, 16, 84, 54, 90, 86), 0.81375)
last:
((4, 28, 56, 66, 34), 0.80625)
((80, 8, 86, 72, 91, 56, 68), 0.80625)
((80, 8, 86, 72, 91), 0.80625)
((4, 83, 56, 66), 0.80625)
((80, 8, 86, 72, 68), 0.80625)
((4, 28, 12), 0.80875)
((4, 28, 56, 66, 34), 0.81)
((62, 66, 4, 16, 84, 54, 90, 86), 0.81)
((36, 89, 50, 48), 0.81125)
((4, 28, 56, 66, 34), 0.81125)
all by best:
((84, 40, 86, 0, 16, 85, 44), 0.4825)
((6, 36, 4, 50, 62), 0.4925)
((91, 16, 2, 44, 38), 0.495)
((87, 12, 91, 82), 0.545)
((56, 89, 40), 0.56)
((8, 4, 54, 92, 83), 0.56375)
((8, 4, 62, 87), 0.5675)
((56, 85, 28, 84, 16), 0.57)
((32, 89, 40, 4, 91), 0.58)
((32, 89, 40, 4, 91), 0.59125)
((46, 92, 66, 68, 6, 44, 48, 16), 0.595)
((72, 48, 62), 0.6)
((48, 32, 89, 82, 83, 16, 92, 87), 0.6025)
((92, 87, 56, 48, 16, 54, 18), 0.62375)
((62, 84, 54, 85, 66), 0.6475)
((68, 28, 8, 20, 91), 0.65125)
((50, 8, 48, 82, 62, 40), 0.67625)
((28, 48, 22, 4, 2), 0.68625)
((32, 89, 40, 4, 91), 0.68875)
((74, 62, 38, 66, 36, 85), 0.69125)
((89, 87, 18, 16, 66, 0), 0.69375)
((68, 62, 50, 4, 2, 72, 60), 0.6975)
((72, 6, 85, 14, 2, 40, 0, 87), 0.71)
((56, 68, 89, 83, 16, 66), 0.715)
((28, 48, 22, 4, 2), 0.72125)
((86, 84, 34, 4), 0.72375)
((14, 50, 58, 88, 38, 8, 89, 28), 0.72625)
((32, 62, 18, 44, 16, 86, 46, 74), 0.7325)
((84, 89, 88, 32, 2, 54, 0), 0.73625)
((56, 12, 44), 0.7375)
((28, 8, 88, 32, 2, 54), 0.745)
((14, 87, 40, 12, 38), 0.75)
((14, 68, 4, 85, 46, 89, 82, 12), 0.755)
((56, 50, 60), 0.75625)
((84, 40, 16, 12, 92), 0.7575)
((82, 50, 72, 85, 84, 89, 34), 0.75875)
((44, 87, 56), 0.76)
((74, 36, 90, 87, 82, 58, 80), 0.76125)
((82, 87, 92, 20, 66, 8), 0.7625)
((82, 34, 80, 90, 54, 20, 72), 0.76375)
((60, 22, 85, 4, 87, 48), 0.76375)
((28, 8, 88, 32, 2, 54), 0.76375)
((72, 2, 0, 44, 87, 32), 0.765)
((14, 87, 40, 12, 82), 0.765)
((16, 48, 92, 38), 0.765)
((28, 87, 0, 4, 12, 8, 84, 16), 0.76625)
((28, 48, 22, 83, 2, 89, 0, 87), 0.76625)
((82, 87, 2, 4, 66, 44, 48), 0.7675)
((82, 34, 80, 89), 0.7675)
((91, 87, 0, 4, 22, 82), 0.7675)
((90, 48, 16, 22, 68), 0.76875)
((18, 86, 74), 0.77125)
((14, 87, 40, 12, 82), 0.77125)
((16, 48, 92, 54, 22, 88, 60), 0.77125)
((66, 58, 84, 54), 0.7725)
((90, 6, 18, 0, 82, 2, 28), 0.7725)
((74, 6, 84, 0, 54, 44, 12, 22), 0.77375)
((16, 22, 92), 0.775)
((14, 87, 40, 12, 84), 0.775)
((91, 90, 2, 72, 18, 68), 0.775)
((22, 8, 54, 34, 80, 85, 38), 0.775)
((28, 87, 0, 8, 12, 44, 84), 0.77625)
((83, 60, 6, 50, 84, 62, 32), 0.77625)
((82, 88, 92), 0.77625)
((58, 20, 68, 36, 12), 0.77625)
((91, 90, 2, 72, 18, 68), 0.77625)
((56, 40, 66, 4, 2, 68), 0.7775)
((80, 74, 66, 84, 32), 0.7775)
((44, 40, 36, 89, 56, 6), 0.7775)
((56, 22, 60, 87, 72, 28), 0.7775)
((14, 20, 54, 68, 34, 0, 91), 0.7775)
((88, 0, 40, 28, 87, 66), 0.7775)
((86, 34, 72, 8, 80, 22, 85), 0.7775)
((28, 50, 86, 60, 84, 46, 54), 0.77875)
((46, 48, 58, 38, 22, 88, 60), 0.78)
((87, 46, 14, 40, 12, 80, 44, 34), 0.78)
((14, 91, 38, 80, 6, 89), 0.78)
((16, 48, 92, 54, 22, 88, 60), 0.78)
((28, 82, 2, 86, 87), 0.78125)
((54, 56, 46, 22, 91, 40, 58), 0.78125)
((36, 28, 14, 66, 85, 4, 20, 50), 0.78125)
((84, 85, 82, 48, 4, 16), 0.78125)
((80, 85, 86, 72), 0.78125)
((16, 44, 56, 60, 14, 74, 87, 8), 0.78125)
((28, 50, 86, 60, 84), 0.7825)
((82, 74, 14, 84, 60, 68, 56), 0.7825)
((82, 87, 92, 4, 66, 8), 0.7825)
((54, 0, 60), 0.7825)
((82, 87, 92, 4, 66, 8), 0.78375)
((14, 91, 38, 80, 6, 89), 0.78375)
((16, 48, 92, 54, 22, 88, 60), 0.78375)
((40, 32, 84), 0.78375)
((14, 85, 36, 80, 50, 68, 12), 0.785)
((14, 34, 18, 16, 0, 62, 66), 0.785)
((14, 85, 36, 80, 50, 68, 12), 0.785)
((4, 20, 90, 60, 0, 48, 87, 88), 0.785)
((85, 22, 32, 16, 12, 8, 58), 0.785)
((4, 28, 44, 72, 16, 92, 85, 46), 0.78625)
((2, 80, 88, 89, 28), 0.78625)
((60, 0, 20, 46), 0.78625)
((54, 28, 85), 0.78625)
((66, 44, 40, 16, 22), 0.7875)
((60, 89, 82, 83, 56, 88, 48), 0.7875)
((16, 48, 92, 54, 22, 88, 60), 0.7875)
((82, 8, 50, 22), 0.7875)
((16, 48, 92, 54, 22, 88, 60), 0.78875)
((56, 92, 20, 83, 38, 44, 48, 28), 0.78875)
((50, 28, 90, 6, 72), 0.78875)
((74, 86, 90, 92, 6, 50), 0.78875)
((28, 14, 6, 74, 91), 0.79)
((60, 82, 22), 0.79)
((80, 50, 36, 40, 6, 72, 89), 0.79)
((8, 82, 68, 90, 80, 83, 16, 4), 0.79)
((16, 48, 92, 54, 22, 88, 60), 0.79)
((0, 90, 48), 0.79)
((72, 14, 44, 0, 38, 88), 0.79125)
((60, 66, 82), 0.79125)
((4, 28, 56, 82, 34, 0), 0.79125)
((16, 48, 92, 54, 22, 88, 60), 0.79125)
((8, 84, 32, 74), 0.79125)
((85, 28, 91), 0.79125)
((50, 89, 62), 0.79125)
((86, 88, 89, 44, 90, 54, 46), 0.79125)
((60, 82, 50, 83, 36), 0.79125)
((48, 89, 8, 56), 0.79125)
((32, 91, 46, 14, 54), 0.7925)
((22, 8, 62, 72, 46), 0.7925)
((68, 87, 62, 40), 0.7925)
((14, 85, 36, 80, 50, 68, 12), 0.7925)
((86, 88, 89, 44, 90, 54, 46), 0.7925)
((44, 34, 72), 0.7925)
((20, 74, 87, 92, 86, 88), 0.7925)
((60, 89, 82, 83, 56, 88, 48), 0.79375)
((60, 89, 82, 83, 56, 88, 48), 0.79375)
((28, 50, 86, 40), 0.79375)
((92, 34, 32, 22, 87), 0.79375)
((22, 8, 54, 58, 46, 89, 12), 0.79375)
((36, 28, 83), 0.79375)
((22, 8, 54, 58, 46, 89, 82), 0.79375)
((91, 88, 87), 0.79375)
((34, 72, 32, 83, 20, 14), 0.79375)
((32, 68, 4, 89), 0.79375)
((82, 38, 48), 0.795)
((60, 89, 82, 83, 56, 88, 48), 0.795)
((86, 88, 89, 44, 90, 54, 46), 0.795)
((88, 22, 46, 2, 34, 28), 0.795)
((28, 8, 88, 32, 2, 54), 0.795)
((84, 68, 6, 4, 86, 18, 16, 60), 0.795)
((12, 2, 74, 20), 0.79625)
((12, 48, 22, 40, 4), 0.79625)
((16, 48, 92, 54, 22, 88, 60), 0.79625)
((60, 89, 50, 66, 58, 68, 6), 0.79625)
((68, 34, 20, 84, 91), 0.79625)
((80, 38, 66), 0.79625)
((40, 68, 82, 83, 46, 16, 12), 0.79625)
((58, 48, 44, 36, 88, 54, 0), 0.79625)
((32, 92, 82, 4, 90), 0.79625)
((89, 87, 60, 6, 22), 0.79625)
((80, 89, 56, 6, 14, 50, 62, 58), 0.7975)
((91, 88, 18, 66, 0), 0.7975)
((60, 89, 82, 83, 56, 88, 48), 0.7975)
((60, 89, 82, 83, 56, 88, 48), 0.7975)
((89, 87, 62, 66, 22, 91, 16), 0.7975)
((50, 58, 72, 87, 36, 46, 32), 0.7975)
((90, 36, 80), 0.7975)
((60, 89, 82, 83, 56, 88, 48), 0.7975)
((38, 66, 68, 91, 4), 0.7975)
((84, 44, 60, 32, 85), 0.79875)
((60, 14, 82, 83, 87, 88, 48), 0.79875)
((60, 89, 82, 83, 56, 88, 48), 0.79875)
((4, 85, 60), 0.79875)
((88, 28, 54, 86, 84, 82, 58, 34), 0.79875)
((28, 50, 86, 60, 84), 0.79875)
((2, 60, 87, 38, 80, 46, 36, 90), 0.79875)
((84, 80, 88, 28, 0), 0.79875)
((28, 50, 86, 60, 84, 46, 54), 0.79875)
((32, 92, 82, 4, 90), 0.79875)
((46, 66, 84), 0.79875)
((14, 83, 48, 92, 90, 62, 20), 0.79875)
((56, 32, 20), 0.8)
((16, 48, 92, 62, 22), 0.8)
((66, 68, 87), 0.8)
((60, 46, 28, 83, 16, 80, 48, 72), 0.80125)
((4, 36, 87), 0.80125)
((22, 32, 20, 83, 38, 44), 0.80125)
((38, 12, 90, 91, 4, 36, 50, 18), 0.80125)
((16, 28, 88, 32, 12), 0.80125)
((60, 89, 82, 83, 56, 88, 48), 0.80125)
((36, 28, 44, 72, 40), 0.80125)
((89, 32, 16), 0.80125)
((60, 84, 56, 54, 62, 88), 0.80125)
((89, 28, 88, 72, 50), 0.80125)
((72, 90, 50, 36, 4, 83, 38), 0.8025)
((4, 83, 12), 0.8025)
((2, 83, 40), 0.8025)
((60, 82, 50, 83, 36), 0.8025)
((32, 92, 82, 4, 90), 0.8025)
((14, 85, 36), 0.8025)
((84, 48, 87, 36, 62, 56, 68), 0.8025)
((80, 50, 36, 40, 6, 72, 89), 0.80375)
((12, 62, 16, 2), 0.80375)
((60, 83, 86, 22, 2), 0.80375)
((20, 8, 36, 50), 0.80375)
((60, 89, 82, 83, 56, 88, 48), 0.80375)
((60, 89, 82, 83, 56, 88, 48), 0.805)
((28, 46, 80, 48, 34, 86, 91), 0.805)
((91, 50, 46, 82, 44), 0.805)
((80, 8, 86, 72, 91, 56, 68), 0.805)
((80, 50, 36, 40, 68), 0.805)
((4, 28, 56, 66, 34), 0.805)
((56, 4, 82), 0.805)
((80, 8, 86, 72, 91, 56, 68), 0.80625)
((68, 91, 20), 0.80625)
((16, 48, 92, 54, 22, 88, 60), 0.80625)
((88, 84, 32), 0.80625)
((4, 28, 56, 66, 34), 0.80625)
((4, 28, 56, 66, 34), 0.80625)
((32, 83, 58, 4), 0.80625)
((89, 28, 88, 72, 50), 0.80625)
((80, 8, 86, 72, 91, 56, 68), 0.80625)
((80, 8, 86, 72, 91), 0.80625)
((80, 8, 86, 72, 91), 0.80625)
((4, 28, 56, 66, 34), 0.80625)
((4, 83, 56, 66), 0.80625)
((56, 34, 14, 16, 46, 32), 0.8075)
((36, 28, 90, 72, 40, 48), 0.8075)
((18, 8, 32, 66, 34, 54, 87), 0.80875)
((4, 28, 12), 0.80875)
((80, 8, 86, 72, 68), 0.80875)
((4, 28, 56, 66, 34), 0.81)
((60, 89, 82, 83, 56, 88, 48), 0.81)
((4, 28, 56, 66, 34), 0.81)
((4, 28, 56, 66, 34), 0.81125)
((36, 89, 50, 48), 0.81125)
((4, 28, 56, 66, 34), 0.81125)
((4, 28, 56, 66, 34), 0.81125)
((62, 66, 4, 16, 84, 54, 90, 86), 0.81375)
