avg:
((89, 12, 45, 69, 63, 71, 56, 73, 47, 48, 50, 82), 0.7984375)
((56, 25, 86, 62), 0.7990625)
((50, 44, 83, 22, 90, 82, 84, 92, 36, 85, 41, 35), 0.7996874999999999)
((66, 89, 40, 75), 0.8)
((44, 33, 23, 81, 51, 14, 71, 9), 0.8)
((79, 55, 65, 85, 34, 32, 57, 11, 18, 20, 22, 31), 0.8009375)
((38, 39, 79, 48, 37, 9, 11, 43), 0.8009375)
((65, 12, 45, 69, 63, 71, 56, 73, 47, 48, 50, 82), 0.8009375)
((4, 72, 58, 11, 79, 89, 7, 57, 9, 25, 32, 38), 0.8009375000000001)
((81, 39, 80, 44, 3, 69, 83, 28), 0.8015625)
((56, 25, 86, 62), 0.8015625000000001)
((56, 25, 86, 62), 0.801875)
((56, 38, 86, 62), 0.8034375)
((66, 44, 56, 72, 8, 59, 7, 53, 55, 25, 49, 51), 0.80375)
((69, 28, 9, 82), 0.8074999999999999)
best:
((56, 25, 86, 62), 0.8025)
((65, 12, 45, 69, 63, 71, 56, 73, 47, 48, 50, 82), 0.8025)
((49, 59, 40, 4, 3, 47, 63, 38, 72, 68, 86, 44), 0.8025)
((66, 89, 40, 75), 0.80375)
((75, 4, 74, 54, 61, 16, 0, 84, 90, 32, 89, 72), 0.80375)
((81, 39, 80, 44, 3, 69, 83, 28), 0.80375)
((5, 19, 13, 18, 0, 55, 47, 4, 61, 59, 83, 69), 0.80375)
((50, 44, 83, 22, 90, 82, 84, 92, 36, 85, 41, 35), 0.80375)
((65, 12, 45, 69, 63, 71, 56, 73, 47, 48, 50, 82), 0.80375)
((44, 33, 23, 81, 51, 14, 71, 9), 0.805)
((56, 25, 86, 62), 0.805)
((65, 12, 45, 69, 63, 71, 56, 73, 47, 48, 50, 82), 0.805)
((80, 44, 19, 16, 60, 27, 84, 20, 17, 9, 37, 23), 0.80625)
((4, 72, 58, 11, 79, 89, 7, 57, 9, 25, 32, 38), 0.80625)
((66, 44, 56, 72, 8, 59, 7, 53, 55, 25, 49, 51), 0.80625)
((11, 17, 32, 65), 0.8075)
((50, 33, 43, 71, 6, 88, 35, 32, 55, 82, 41, 49), 0.80875)
((38, 39, 79, 48, 37, 9, 11, 43), 0.80875)
((69, 28, 9, 82), 0.80875)
((56, 25, 86, 62), 0.80875)
((79, 55, 65, 85, 34, 32, 57, 11, 18, 20, 22, 31), 0.81)
((56, 25, 86, 62), 0.81)
((50, 44, 83, 22, 90, 82, 84, 92, 36, 85, 41, 35), 0.8125)
((34, 32, 46, 74), 0.815)
((56, 38, 86, 62), 0.815)
last:
((0, 72, 62, 11, 37, 32, 7, 36, 9, 25, 89, 38), 0.79875)
((16, 54, 88, 11, 67, 22, 7, 59, 9, 25, 50, 38), 0.79875)
((79, 73, 29, 61), 0.79875)
((65, 12, 45, 69, 63, 71, 56, 73, 47, 48, 50, 82), 0.79875)
((75, 91, 35, 49, 46, 88, 60, 50), 0.79875)
((44, 77, 17, 62), 0.79875)
((75, 43, 58, 51, 61, 82, 84, 2, 36, 40, 41, 35), 0.79875)
((86, 69, 84, 68, 91, 3, 11, 48), 0.79875)
((38, 44, 84, 87, 91, 48, 41, 17), 0.79875)
((65, 12, 45, 69, 63, 71, 56, 73, 47, 48, 50, 82), 0.8)
((79, 55, 59, 36), 0.8)
((49, 59, 40, 4, 3, 47, 63, 38, 72, 68, 86, 44), 0.8)
((50, 44, 83, 22, 90, 82, 84, 92, 36, 85, 41, 35), 0.8)
((60, 57, 40, 4, 58, 91, 92, 47, 79, 84, 41, 63), 0.80125)
((65, 12, 45, 69, 63, 71, 56, 73, 47, 48, 50, 82), 0.80125)
((81, 39, 80, 44, 3, 69, 83, 28), 0.8025)
((5, 19, 13, 18, 0, 55, 47, 4, 61, 59, 83, 69), 0.80375)
((50, 44, 83, 22, 90, 82, 84, 92, 36, 85, 41, 35), 0.80375)
((65, 12, 45, 69, 63, 71, 56, 73, 47, 48, 50, 82), 0.80375)
((56, 38, 86, 62), 0.805)
((66, 44, 56, 72, 8, 59, 7, 53, 55, 25, 49, 51), 0.80625)
((11, 17, 32, 65), 0.8075)
((50, 33, 43, 71, 6, 88, 35, 32, 55, 82, 41, 49), 0.80875)
((69, 28, 9, 82), 0.80875)
((56, 25, 86, 62), 0.81)
all by best:
((41, 88, 36, 37, 61, 52, 44, 17, 50, 92, 4, 30, 47, 54, 79, 76), 0.33)
((15, 6, 3, 67, 87, 8, 33, 21), 0.33375)
((7, 1, 15, 52, 41, 92, 4, 63, 31, 38, 82, 21), 0.36125)
((32, 6, 80, 26, 86, 11, 89, 77, 9, 74, 15, 39, 7, 52, 33, 28), 0.36375)
((68, 81, 30, 23, 50, 60, 10, 9), 0.36375)
((65, 33, 87, 15), 0.38875)
((38, 86, 15, 28, 68, 3, 9, 25), 0.395)
((5, 36, 30, 49, 87, 92, 22, 53, 0, 78, 71, 65), 0.40375)
((3, 62, 78, 77, 4, 17, 30, 18, 16, 40, 10, 68, 15, 29, 52, 90), 0.4075)
((79, 41, 33, 15), 0.4075)
((53, 5, 2, 6, 3, 49, 73, 57, 74, 18, 38, 77, 48, 75, 30, 80), 0.41)
((46, 27, 35, 15, 62, 59, 43, 6, 45, 5, 0, 72), 0.41125)
((15, 74, 64, 39, 7, 88, 21, 18), 0.41125)
((4, 14, 87, 15), 0.41875)
((15, 53, 67, 91), 0.43125)
((44, 82, 65, 51, 86, 68, 42, 3, 14, 33, 22, 74), 0.435)
((44, 82, 65, 51, 86, 68, 42, 3, 14, 33, 22, 74), 0.43625)
((57, 6, 25, 71, 46, 7, 15, 9), 0.4375)
((43, 33, 46, 15, 2, 7, 74, 23, 54, 45, 0, 68), 0.43875)
((37, 15, 65, 25, 33, 87, 78, 36, 61, 82, 52, 21), 0.445)
((44, 82, 65, 51, 86, 68, 42, 3, 14, 33, 22, 74, 83, 4, 13, 76), 0.45)
((75, 91, 15, 80, 83, 87, 74, 2), 0.455)
((12, 71, 89, 39, 60, 33, 76, 13, 30, 14, 4, 54), 0.455)
((15, 76, 18, 62), 0.455)
((44, 70, 46, 8, 25, 63, 76, 87, 49, 13, 15, 64), 0.46)
((3, 39, 72, 45, 67, 59, 87, 15, 1, 4, 36, 5), 0.4625)
((85, 58, 55, 38, 40, 30, 89, 64, 7, 82, 19, 16), 0.4675)
((72, 59, 23, 86, 15, 7, 62, 11), 0.46875)
((83, 84, 67, 69, 57, 18, 30, 90, 51, 1, 8, 20), 0.47)
((80, 15, 10, 7, 46, 40, 75, 3), 0.47)
((10, 42, 15, 55, 20, 76, 43, 44, 54, 73, 19, 53), 0.4725)
((91, 15, 74, 77, 22, 72, 5, 25, 71, 56, 7, 33), 0.475)
((6, 40, 42, 47, 76, 36, 72, 84, 60, 20, 81, 64, 82, 15, 22, 71), 0.4775)
((77, 15, 46, 47, 81, 23, 62, 51, 3, 18, 2, 58), 0.47875)
((62, 12, 55, 88, 40, 30, 9, 50, 87, 82, 19, 52), 0.47875)
((29, 56, 86, 55, 30, 40, 42, 79, 21, 90, 44, 11), 0.47875)
((76, 22, 33, 71, 80, 47, 92, 3, 43, 53, 85, 44), 0.48125)
((68, 5, 27, 23, 78, 88, 83, 13, 1, 12, 58, 18), 0.49)
((27, 30, 83, 62, 87, 37, 52, 32, 67, 72, 86, 58, 77, 33, 75, 66), 0.49)
((81, 40, 54, 67, 2, 53, 5, 15, 22, 10, 76, 66, 89, 25, 20, 26), 0.49125)
((14, 4, 3, 60, 28, 13, 40, 6, 67, 37, 85, 25, 27, 53, 59, 0), 0.4925)
((68, 52, 41, 50, 26, 66, 2, 3, 35, 42, 45, 33), 0.4975)
((92, 76, 89, 10, 2, 18, 12, 83, 84, 37, 33, 78), 0.49875)
((44, 82, 65, 51, 86, 68, 42, 3, 14, 33, 22, 74), 0.50125)
((25, 41, 54, 16, 23, 15, 36, 21, 66, 88, 50, 90, 47, 11, 42, 89), 0.5025)
((81, 58, 51, 57, 17, 59, 26, 22, 82, 36, 46, 84), 0.5025)
((68, 5, 27, 23, 78, 88, 83, 13, 1, 12, 58, 18, 45, 65, 24, 47), 0.50375)
((58, 6, 62, 15), 0.505)
((26, 75, 11, 40, 51, 22, 1, 45, 42, 7, 67, 82), 0.51375)
((42, 83, 57, 79, 81, 54, 77, 30, 22, 60, 33, 5, 46, 72, 23, 37), 0.51375)
((52, 62, 61, 27, 51, 7, 21, 48, 0, 49, 33, 58), 0.51375)
((69, 5, 19, 50, 78, 33, 20, 83, 61, 59, 28, 7, 91, 92, 17, 82), 0.51375)
((80, 11, 40, 20, 48, 10, 51, 67, 78, 72, 59, 64, 5, 55, 49, 92), 0.515)
((51, 22, 53, 57, 41, 30, 79, 25), 0.51625)
((68, 16, 91, 84, 60, 70, 21, 33, 67, 77, 54, 27), 0.51625)
((17, 33, 14, 13, 70, 19, 34, 36, 77, 26, 43, 83), 0.5175)
((15, 5, 87, 20, 23, 61, 74, 35, 84, 3, 25, 45), 0.5175)
((78, 29, 59, 1, 34, 53, 57, 65, 50, 38, 18, 91), 0.51875)
((63, 11, 88, 32, 30, 40, 9, 6), 0.52)
((44, 82, 65, 51, 86, 68, 42, 3), 0.5225)
((23, 75, 25, 22, 90, 76, 33, 15, 11, 60, 84, 85, 82, 1, 42, 27), 0.52375)
((72, 86, 13, 31, 20, 11, 15, 74, 76, 10, 0, 14), 0.5275)
((52, 62, 61, 27, 51, 7, 21, 48, 0, 49, 33, 58), 0.5275)
((68, 16, 91, 84, 60, 70, 21, 33, 67, 77, 54, 27), 0.5275)
((74, 7, 2, 9, 8, 92, 25, 77, 59, 13, 73, 15), 0.52875)
((34, 46, 66, 72, 54, 36, 16, 90, 60, 28, 26, 23), 0.53)
((81, 14, 3, 35, 31, 28, 17, 13), 0.53)
((34, 8, 27, 72, 40, 90, 83, 63, 50, 82, 58, 18), 0.53125)
((15, 74, 57, 84, 4, 27, 12, 59, 9, 14, 88, 43), 0.53375)
((81, 14, 3, 35), 0.53375)
((68, 16, 91, 84, 60, 70, 21, 33, 67, 77, 54, 27), 0.535)
((17, 33, 14, 13, 70, 19, 34, 36, 77, 26, 43, 83), 0.535)
((17, 33, 14, 13, 70, 19, 34, 36, 77, 26, 43, 83), 0.535)
((17, 33, 14, 13, 70, 19, 34, 36, 77, 26, 43, 83, 91, 64, 62, 32), 0.535)
((81, 14, 3, 35, 31, 28, 17, 13, 69, 11, 75, 54), 0.535)
((68, 16, 91, 84, 60, 70, 21, 33, 67, 77, 54, 27, 69, 25, 39, 51), 0.53625)
((34, 8, 27, 72, 40, 90, 83, 63, 50, 82, 58, 18, 33, 17, 31, 71), 0.53625)
((81, 14, 3, 35, 31, 28, 17, 13, 69, 11, 75, 54, 4, 90, 83, 27), 0.5375)
((12, 89, 36, 35, 24, 51, 82, 44, 46, 70, 41, 76, 83, 92, 4, 28), 0.53875)
((20, 62, 22, 71, 3, 40, 76, 13), 0.53875)
((52, 62, 61, 27, 51, 7, 21, 48, 0, 35, 33, 58), 0.54)
((81, 14, 3, 35, 31, 28, 17, 13, 69, 11, 75, 54), 0.54)
((68, 16, 91, 84), 0.54)
((20, 62, 22, 71, 3, 40, 76, 21), 0.54125)
((34, 8, 27, 72, 40, 90, 83, 63, 50, 82, 58, 18), 0.54125)
((13, 28, 65, 57, 84, 71, 8, 2, 51, 56, 59, 22), 0.54125)
((37, 51, 3, 22, 28, 4, 70, 79, 69, 63, 71, 62), 0.54125)
((76, 71, 84, 3, 35, 19, 52, 37, 88, 45, 54, 62), 0.5425)
((65, 30, 85, 37, 14, 47, 52, 2, 21, 4, 33, 8), 0.5425)
((52, 62, 61, 27, 51, 7, 21, 48, 0, 49, 33, 58), 0.54375)
((50, 20, 81, 13, 2, 3, 12, 40), 0.54625)
((81, 14, 3, 35, 31, 28, 17, 13, 69, 11, 75, 54), 0.5475)
((52, 62, 61, 27, 51, 7, 21, 48, 0, 49, 33, 58, 36, 54, 71, 91), 0.5475)
((26, 15, 7, 70, 46, 35, 29, 51, 24, 13, 77, 20, 33, 76, 5, 56), 0.5475)
((7, 1, 74, 0, 41, 28, 88, 63, 31, 38, 82, 90), 0.54875)
((26, 17, 84, 35, 13, 50, 81, 44, 18, 56, 90, 88, 36, 15, 67, 29), 0.55)
((71, 88, 74, 59, 42, 87, 53, 47, 91, 35, 8, 49), 0.55)
((75, 83, 36, 26, 51, 44, 40, 48, 67, 37, 5, 71), 0.55)
((68, 16, 91, 84, 60, 70, 21, 33), 0.55)
((39, 85, 81, 9, 28, 69, 21, 29), 0.55)
((12, 89, 36, 35, 24, 51, 82, 44, 46, 70, 41, 76), 0.55125)
((81, 14, 3, 35, 31, 28, 17, 13, 69, 11, 75, 54), 0.55125)
((48, 16, 9, 85, 7, 24, 21, 12, 17, 13, 45, 14), 0.55125)
((75, 83, 36, 26, 51, 44, 40, 45, 67, 37, 5, 71), 0.5525)
((54, 58, 42, 22, 74, 30, 68, 92, 2, 34, 41, 66), 0.555)
((75, 83, 36, 26, 51, 44, 40, 45, 67, 37, 5, 71), 0.555)
((52, 62, 61, 27, 87, 7, 21, 48, 0, 49, 33, 58), 0.555)
((68, 5, 27, 23, 78, 88, 83, 13), 0.555)
((34, 8, 27, 72, 40, 19, 83, 63, 50, 82, 58, 18), 0.555)
((75, 11, 55, 78, 80, 40, 82, 45, 89, 38, 19, 25), 0.55625)
((34, 8, 27, 28, 79, 11, 83, 63, 50, 82, 58, 18), 0.5575)
((18, 68, 51, 40, 73, 56, 46, 13, 42, 47, 16, 29, 15, 35, 28, 14), 0.55875)
((81, 14, 3, 35, 31, 28, 17, 13, 69, 11, 75, 54), 0.55875)
((62, 83, 55, 54, 40, 70, 9, 50, 87, 82, 19, 36), 0.55875)
((34, 8, 27, 72, 40, 90, 83, 63), 0.56)
((35, 14, 47, 2, 90, 9, 75, 27, 82, 11, 45, 55, 6, 42, 83, 70), 0.56)
((52, 92, 63, 84, 88, 54, 48, 59, 1, 57, 38, 64), 0.56)
((66, 25, 14, 53, 82, 33, 17, 9, 18, 2, 0, 54, 39, 62, 24, 11), 0.56)
((64, 20, 62, 14, 33, 66, 82, 17, 46, 10, 15, 29), 0.56125)
((59, 2, 27, 92, 80, 67, 21, 30, 85, 89, 24, 55), 0.56125)
((81, 14, 3, 35, 31, 28, 17, 13, 69, 11, 75, 54, 4, 90, 83, 27), 0.56125)
((6, 19, 72, 90, 33, 63, 39, 15, 36, 56, 87, 31, 73, 62, 16, 2), 0.56125)
((52, 62, 61, 27, 51, 7, 21, 48), 0.56125)
((50, 37, 36, 23, 61, 82, 84, 92, 83, 49, 41, 15), 0.5625)
((34, 8, 27, 28, 79, 11, 83, 63, 50, 82, 58, 18), 0.5625)
((34, 8, 27, 72, 40, 90, 83, 63, 50, 82, 58, 18), 0.5625)
((52, 69, 61, 17, 8, 79, 64, 32, 0, 82, 58, 20), 0.56375)
((6, 11, 90, 69, 24, 9, 85, 86, 7, 40, 33, 87), 0.56375)
((5, 11, 55, 78, 67, 40, 82, 45, 89, 38, 19, 25), 0.565)
((58, 72, 65, 83, 44, 50, 42, 79), 0.565)
((52, 62, 61, 27, 51, 7, 21, 45, 0, 35, 33, 58), 0.56625)
((44, 82, 65, 51), 0.56625)
((77, 71, 43, 92, 29, 86, 59, 67, 51, 5, 22, 49), 0.56625)
((14, 4, 51, 33, 89, 13, 40, 6, 67, 73, 64, 25, 27, 53, 56, 0), 0.56625)
((81, 14, 3, 35, 61, 28, 17, 13, 69, 11, 75, 54), 0.56625)
((76, 56, 29, 23, 70, 54, 34, 63, 9, 49, 44, 18, 27, 67, 43, 31), 0.5675)
((46, 29, 36, 38, 81, 39, 59, 10, 32, 42, 80, 5), 0.5675)
((71, 1, 74, 59, 42, 14, 41, 47, 12, 11, 63, 57), 0.57125)
((81, 14, 3, 35, 31, 28, 17, 13, 69, 11, 75, 54), 0.5725)
((63, 47, 4, 15, 50, 73, 57, 17, 26, 88, 21, 0), 0.5725)
((44, 29, 19, 1, 67, 53, 77, 42, 84, 41, 47, 35), 0.57375)
((86, 71, 37, 78, 79, 54, 70, 14), 0.57375)
((86, 29, 73, 45, 16, 13, 8, 34, 49, 33, 20, 89), 0.57625)
((47, 1, 28, 86, 24, 43, 83, 48, 74, 12, 89, 92), 0.5775)
((51, 72, 79, 23, 64, 55, 45, 68), 0.5775)
((34, 8, 27, 28, 79, 11, 83, 63, 50, 82, 58, 18), 0.58)
((71, 78, 74, 11, 7, 44, 3, 85, 34, 6, 27, 89), 0.58)
((67, 57, 26, 53), 0.58125)
((17, 33, 14, 13, 70, 19, 34, 36), 0.58125)
((81, 14, 3, 35, 31, 28, 17, 13, 69, 11, 75, 54), 0.5825)
((81, 14, 3, 35, 61, 28, 17, 13, 69, 11, 75, 54), 0.58375)
((45, 53, 9, 46, 23, 64, 82, 71, 47, 1, 41, 80), 0.585)
((34, 8, 27, 72), 0.585)
((11, 14, 64, 76, 47, 88, 21, 78, 24, 2, 42, 19), 0.58625)
((37, 2, 6, 84), 0.5875)
((37, 76, 50, 33, 45, 88, 61, 60, 12, 81, 80, 64), 0.5875)
((20, 62, 22, 71, 3, 40, 76, 21), 0.58875)
((25, 85, 92, 54, 21, 68, 87, 49), 0.59)
((81, 14, 3, 35, 61, 28, 17, 13, 69, 11, 75, 54), 0.59125)
((17, 33, 14, 13), 0.5925)
((77, 30, 79, 18, 80, 39, 6, 59, 78, 25, 84, 34), 0.5925)
((20, 62, 22, 71, 3, 40, 76, 21), 0.59625)
((59, 75, 46, 71, 86, 83, 66, 67, 22, 52, 79, 68, 60, 15, 87, 16), 0.59625)
((52, 62, 61, 27), 0.5975)
((20, 62, 22, 71, 3, 40, 76, 21), 0.5975)
((68, 5, 27, 23), 0.6)
((10, 73, 53, 31, 59, 58, 77, 76, 63, 24, 30, 79), 0.6)
((81, 14, 3, 35, 31, 28, 17, 13, 69, 11, 75, 54, 4, 90, 83, 27), 0.60125)
((52, 42, 73, 35, 1, 43, 83, 44, 15, 30, 10, 78, 41, 63, 65, 68), 0.60125)
((25, 85, 92, 54, 21, 68, 87, 17), 0.6025)
((52, 62, 61, 27), 0.6025)
((14, 16, 30, 71), 0.6025)
((71, 70, 60, 43, 9, 40, 15, 6, 50, 63, 34, 72), 0.60375)
((64, 10, 37, 7, 80, 76, 27, 70, 77, 85, 43, 42), 0.60375)
((25, 85, 92, 54, 21, 68, 87, 49), 0.60375)
((92, 76, 16, 10), 0.60375)
((81, 14, 3, 35, 61, 28, 17, 13, 69, 11, 75, 54), 0.605)
((68, 5, 27, 23, 41, 9, 83, 13), 0.60625)
((25, 85, 92, 54, 21, 68, 87, 49), 0.60625)
((36, 17, 54, 12, 9, 55, 78, 50, 73, 43, 30, 8, 88, 38, 11, 4), 0.60625)
((20, 62, 22, 71, 3, 40, 76, 21), 0.60625)
((70, 58, 81, 30, 26, 64, 89, 51), 0.6075)
((78, 13, 87, 24), 0.6075)
((29, 49, 68, 86, 46, 63, 81, 52, 89, 28, 85, 13), 0.60875)
((81, 14, 3, 35, 61, 28, 17, 13, 69, 11, 75, 54), 0.61)
((19, 25, 14, 53, 28, 60, 17, 9, 18, 2, 0, 31, 39, 46, 24, 11), 0.61125)
((25, 85, 92, 54, 21, 68, 87, 49), 0.6125)
((37, 2, 6, 84), 0.6125)
((20, 62, 22, 71, 3, 40, 76, 21), 0.6125)
((36, 20, 52, 64, 8, 72, 28, 24, 47, 69, 41, 42), 0.6125)
((86, 3, 10, 69, 84, 31, 82, 70, 1, 85, 92, 60), 0.615)
((81, 14, 3, 35, 61, 28, 17, 13, 69, 11, 75, 54), 0.61625)
((5, 39, 67, 74, 13, 40, 56, 15), 0.61625)
((13, 10, 15, 43, 47, 62, 69, 17, 74, 61, 29, 33, 5, 63, 23, 56), 0.61625)
((64, 39, 15, 38, 69, 77, 16, 3, 54, 47, 73, 71), 0.61625)
((60, 12, 91, 83, 39, 51, 8, 61), 0.61625)
((25, 85, 64, 52, 14, 72, 69, 88), 0.6175)
((47, 58, 86, 34, 40, 56, 39, 79, 30, 8, 90, 61), 0.6175)
((75, 23, 5, 51, 15, 70, 45, 58, 39, 19, 88, 14), 0.61875)
((78, 45, 90, 72, 3, 34, 2, 18, 47, 8, 82, 57), 0.61875)
((31, 25, 91, 30), 0.62)
((68, 5, 27, 23, 41, 9, 83, 21), 0.62)
((62, 83, 55, 54, 40, 28, 9, 50, 87, 82, 19, 36), 0.62)
((62, 36, 61, 28), 0.62)
((49, 84, 67, 10, 48, 18, 30, 90, 66, 32, 8, 20), 0.62)
((48, 53, 9, 46, 23, 64, 82, 71, 47, 1, 41, 80), 0.62)
((25, 85, 92, 54, 21, 68, 87, 17), 0.62375)
((25, 29, 64, 84, 59, 27, 69, 39), 0.625)
((17, 44, 85, 81, 57, 64, 8, 73, 16, 31, 76, 37, 82, 12, 30, 32), 0.625)
((9, 47, 87, 35, 26, 17, 52, 68, 79, 12, 15, 45), 0.62875)
((85, 73, 58, 29, 57, 65, 37, 74, 71, 69, 27, 83, 42, 35, 46, 13), 0.62875)
((78, 56, 29, 23, 69, 54, 34, 63, 35, 49, 44, 18, 27, 67, 5, 31), 0.63)
((25, 85, 71, 54, 21, 68, 87, 49), 0.63)
((25, 85, 92, 54, 21, 68, 87, 17), 0.6325)
((81, 14, 3, 35, 61, 28, 17, 13, 69, 11, 75, 54), 0.6325)
((85, 39, 16, 1, 18, 76, 79, 46), 0.6325)
((62, 27, 61, 51), 0.63375)
((63, 28, 4, 41, 10, 7, 17, 15, 39, 3, 80, 47, 87, 76, 91, 45), 0.63375)
((40, 13, 90, 49, 52, 20, 70, 82), 0.63625)
((42, 10, 13, 0, 17, 21, 65, 52, 12, 51, 30, 45), 0.63625)
((55, 58, 62, 25, 4, 89, 85, 92, 61, 46, 32, 19), 0.6375)
((25, 85, 71, 54, 21, 68, 87, 49), 0.6375)
((29, 66, 9, 54, 35, 55, 5, 71, 26, 61, 11, 36), 0.63875)
((55, 14, 2, 56, 29, 86, 19, 70, 76, 12, 10, 89), 0.63875)
((39, 19, 92, 43, 37, 23, 20, 82, 28, 17, 30, 73, 64, 26, 87, 13), 0.64)
((25, 85, 92, 54, 21, 68, 87, 17), 0.64125)
((77, 71, 43, 48, 29, 86, 59, 67, 51, 5, 22, 13), 0.64125)
((79, 50, 5, 61, 92, 66, 48, 12, 91, 63, 58, 73, 6, 20, 72, 77), 0.64125)
((72, 23, 92, 44, 88, 4, 46, 55), 0.64125)
((19, 82, 41, 50, 52, 5, 16, 39), 0.64125)
((25, 85, 92, 54, 21, 68, 87, 17), 0.6425)
((81, 14, 3, 35, 61, 28, 17, 13, 69, 11, 75, 54), 0.64375)
((30, 17, 44, 57), 0.645)
((12, 38, 54, 72, 62, 10, 63, 86), 0.64625)
((81, 14, 3, 35, 61, 28, 17, 13, 69, 11, 75, 54), 0.64625)
((81, 14, 3, 35, 61, 28, 17, 13, 69, 11, 75, 54), 0.64625)
((81, 14, 3, 35, 61, 28, 17, 13, 69, 11, 75, 54), 0.6475)
((46, 89, 26, 69, 29, 47, 44, 22, 75, 72, 32, 43, 5, 21, 14, 57), 0.6475)
((66, 7, 35, 87, 17, 40, 82, 64, 89, 1, 5, 80), 0.6475)
((77, 88, 71, 90, 45, 11, 74, 76, 3, 30, 56, 17), 0.64875)
((31, 62, 78, 60, 38, 10, 77, 71, 59, 47, 84, 35, 51, 48, 92, 61), 0.64875)
((3, 33, 16, 9, 59, 37, 55, 85, 92, 68, 10, 21, 66, 36, 90, 24), 0.65)
((3, 88, 28, 55, 10, 56, 42, 74, 92, 9, 50, 4), 0.65125)
((47, 55, 30, 88), 0.65125)
((82, 3, 8, 37, 58, 47, 22, 55, 7, 12, 76, 85), 0.65125)
((30, 68, 50, 58, 84, 80, 15, 11, 81, 0, 3, 64, 27, 31, 57, 1), 0.65375)
((50, 52, 73, 62, 78, 45, 85, 4, 41, 69, 37, 75), 0.65375)
((69, 86, 29, 37, 67, 63, 82, 8, 79, 38, 21, 43), 0.65375)
((10, 44, 43, 70, 47, 79, 89, 85, 29, 15, 7, 83, 11, 80, 18, 25), 0.65375)
((66, 51, 35, 87, 17, 40, 10, 64, 89, 1, 69, 80), 0.65625)
((55, 26, 91, 21, 57, 61, 20, 27, 30, 44, 76, 33), 0.65875)
((29, 7, 81, 44, 10, 73, 78, 22, 13, 35, 55, 21, 49, 34, 87, 47), 0.65875)
((37, 45, 27, 72, 39, 44, 59, 67, 51, 66, 25, 13), 0.66125)
((91, 53, 72, 0, 42, 16, 29, 22, 58, 28, 2, 26), 0.66375)
((81, 14, 3, 35, 61, 28, 17, 13, 69, 11, 75, 54), 0.66375)
((62, 36, 73, 30), 0.66375)
((90, 34, 72, 39, 69, 66, 67, 41, 30, 63, 65, 1, 51, 45, 31, 88), 0.66375)
((14, 49, 40, 85, 67, 36, 51, 58, 9, 59, 19, 1, 16, 87, 42, 27), 0.66375)
((22, 24, 3, 36, 76, 71, 84, 77, 17, 92, 20, 54, 46, 31, 83, 66), 0.665)
((40, 21, 4, 18, 85, 70, 34, 58, 44, 5, 42, 66), 0.665)
((67, 83, 61, 14, 72, 70, 34, 92, 28, 1, 5, 80), 0.665)
((61, 90, 23, 50, 78, 6, 32, 26, 28, 56, 8, 72, 11, 22, 19, 71), 0.6675)
((25, 66, 92, 54, 21, 68, 87, 17), 0.6675)
((22, 83, 29, 36, 79, 71, 84, 77, 17, 92, 20, 54, 46, 7, 24, 38), 0.66875)
((67, 83, 61, 19, 72, 70, 9, 50, 91, 1, 24, 80), 0.66875)
((66, 13, 68, 59, 89, 41, 0, 19, 16, 87, 34, 42, 91, 74, 10, 25), 0.66875)
((47, 58, 86, 34, 40, 56, 39, 79, 52, 10, 90, 61), 0.67)
((89, 24, 13, 76, 85, 46, 49, 68, 12, 19, 8, 37), 0.67)
((78, 32, 84, 54, 77, 39, 79, 11, 53, 10, 47, 75, 55, 89, 80, 51), 0.6725)
((5, 32, 3, 52, 6, 61, 56, 72, 14, 90, 35, 82), 0.67375)
((70, 12, 25, 16, 41, 56, 29, 59, 52, 46, 28, 76), 0.67375)
((78, 25, 85, 21, 38, 7, 64, 67, 32, 87, 41, 39, 70, 52, 86, 56), 0.675)
((87, 69, 68, 85, 8, 89, 43, 37, 32, 79, 82, 63), 0.675)
((10, 64, 49, 75, 32, 37, 29, 11), 0.67625)
((75, 78, 32, 36, 57, 28, 72, 84), 0.67625)
((35, 73, 74, 22, 88, 49, 51, 30), 0.67625)
((41, 46, 84, 24, 27, 8, 30, 1, 85, 89, 63, 18), 0.67625)
((27, 30, 83, 20, 54, 28, 42, 89, 67, 72, 24, 19, 77, 78, 75, 31), 0.6775)
((7, 43, 70, 24, 2, 1, 77, 8, 15, 25, 90, 76), 0.6775)
((61, 81, 8, 13, 51, 56, 17, 28, 43, 12, 40, 92, 62, 89, 58, 30), 0.67875)
((14, 15, 33, 3, 44, 28, 59, 70, 24, 88, 91, 13, 77, 73, 81, 43), 0.68)
((41, 49, 78, 23, 36, 60, 80, 17), 0.68)
((37, 56, 12, 86), 0.68)
((12, 38, 72, 92, 31, 10, 71, 86), 0.68125)
((75, 43, 24, 86, 25, 11, 62, 29, 42, 58, 27, 80), 0.6825)
((61, 62, 39, 53), 0.6825)
((12, 51, 35, 29, 92, 63, 11, 70, 49, 1, 69, 80), 0.6825)
((13, 70, 43, 27, 86, 20, 65, 30, 10, 59, 54, 25), 0.68375)
((62, 27, 61, 51), 0.68375)
((70, 3, 65, 47, 83, 62, 81, 24, 69, 6, 61, 9, 30, 40, 25, 51), 0.685)
((27, 2, 83, 20, 54, 52, 42, 89, 67, 72, 76, 19, 5, 78, 75, 31), 0.685)
((10, 64, 49, 75, 32, 37, 29, 11), 0.685)
((46, 64, 18, 42, 72, 55, 78, 26, 36, 48, 6, 34, 49, 65, 84, 53), 0.68625)
((81, 14, 3, 35, 61, 28, 17, 13, 69, 11, 75, 54), 0.68625)
((88, 58, 23, 70, 49, 14, 86, 9, 60, 19, 22, 12, 56, 84, 26, 38), 0.6875)
((81, 14, 3, 35, 61, 28, 17, 13, 69, 11, 75, 54), 0.6875)
((6, 49, 31, 33, 29, 77, 12, 67, 74, 48, 51, 45, 60, 7, 24, 38), 0.6875)
((81, 14, 3, 35, 61, 28, 17, 13, 69, 11, 75, 54), 0.6875)
((47, 16, 78, 31), 0.68875)
((41, 46, 84, 24, 27, 64, 86, 1, 85, 82, 63, 78), 0.68875)
((63, 14, 33, 8, 60, 70, 59, 78, 83, 28, 53, 68), 0.69)
((81, 14, 3, 35, 61, 28, 17, 13, 69, 11, 75, 54), 0.69)
((81, 14, 3, 35, 61, 28, 17, 13, 69, 11, 75, 54), 0.69125)
((47, 58, 86, 34, 40, 56, 39, 79, 52, 10, 90, 61), 0.69125)
((9, 89, 87, 15, 32, 66, 85, 47), 0.6925)
((24, 70, 64, 23, 71, 22, 12, 92, 29, 55, 72, 10, 78, 83, 42, 9), 0.6925)
((53, 49, 7, 33, 3, 77, 12, 67, 74, 48, 51, 45, 60, 31, 83, 66), 0.6925)
((10, 84, 92, 49, 32, 37, 43, 70), 0.6925)
((81, 14, 3, 35, 61, 28, 17, 13, 69, 11, 75, 54), 0.69375)
((78, 16, 62, 29), 0.69375)
((57, 25, 89, 78, 27, 26, 24, 4, 85, 32, 29, 63), 0.69375)
((81, 48, 26, 87, 3, 49, 84, 13, 38, 35, 30, 31, 47, 1, 65, 16), 0.695)
((37, 1, 83, 30, 87, 89, 38, 27, 19, 48, 32, 76), 0.695)
((26, 92, 56, 30), 0.695)
((35, 7, 92, 74, 10, 23, 54, 16, 78, 75, 30, 61, 31, 27, 4, 43), 0.69625)
((20, 72, 87, 64), 0.69625)
((32, 71, 28, 37, 44, 57, 59, 61, 86, 78, 17, 81), 0.69625)
((53, 63, 85, 30, 8, 47, 27, 36, 55, 43, 86, 44), 0.69625)
((30, 68, 55, 78, 84, 80, 15, 11, 85, 36, 44, 22, 38, 8, 57, 34), 0.69625)
((25, 92, 90, 38, 29, 13, 72, 77, 12, 44, 87, 45, 16, 7, 14, 33), 0.69875)
((2, 42, 15, 20, 40, 47, 46, 31, 84, 22, 90, 36), 0.69875)
((39, 10, 35, 54, 64, 56, 4, 11, 27, 58, 23, 91), 0.7)
((10, 33, 21, 27, 29, 35, 58, 55, 15, 24, 4, 72), 0.70125)
((38, 44, 22, 85, 84, 91, 87, 50), 0.70125)
((55, 64, 77, 6, 72, 66, 56, 3, 37, 20, 90, 4), 0.7025)
((75, 14, 49, 35, 74, 67, 22, 68, 0, 50, 66, 59), 0.7025)
((42, 7, 69, 91, 77, 45, 1, 66, 72, 61, 90, 64), 0.70375)
((47, 14, 3, 35, 61, 28, 17, 13, 69, 11, 75, 54), 0.70375)
((3, 65, 14, 11, 52, 33, 21, 67, 26, 91, 41, 78, 30, 71, 6, 55), 0.70375)
((37, 2, 87, 26), 0.70375)
((53, 49, 7, 33, 3, 77, 12, 67, 74, 48, 51, 45, 60, 31, 83, 66), 0.70375)
((23, 14, 3, 35, 27, 28, 17, 13, 89, 11, 75, 54), 0.705)
((4, 78, 91, 76, 82, 54, 55, 11, 14, 74, 2, 0, 25, 79, 1, 86), 0.705)
((42, 63, 48, 56, 6, 92, 78, 43, 14, 10, 24, 32), 0.705)
((64, 30, 2, 38), 0.705)
((81, 14, 3, 35, 61, 28, 17, 13, 69, 11, 75, 54), 0.70625)
((38, 78, 81, 89, 27, 25, 10, 16, 48, 74, 60, 87), 0.70625)
((23, 87, 33, 14, 8, 64, 86, 17, 4, 1, 24, 80), 0.70625)
((47, 58, 86, 34, 40, 56, 39, 79, 52, 10, 90, 61), 0.70625)
((30, 48, 26, 25, 54, 4, 22, 55, 85, 1, 61, 79), 0.70625)
((78, 83, 74, 17), 0.7075)
((47, 58, 86, 34, 40, 56, 39, 79, 52, 10, 90, 61), 0.7075)
((10, 84, 92, 49, 32, 37, 43, 70), 0.7075)
((47, 58, 86, 34, 40, 56, 39, 79, 52, 10, 90, 61), 0.7075)
((24, 32, 1, 35, 79, 6, 11, 16, 76, 5, 66, 43), 0.70875)
((0, 19, 68, 71, 76, 36, 63, 83, 1, 30, 89, 70), 0.70875)
((60, 37, 10, 61, 31, 56, 69, 52, 63, 89, 90, 22, 58, 33, 23, 43), 0.70875)
((41, 45, 68, 65, 62, 82, 2, 21, 50, 25, 58, 59), 0.70875)
((8, 51, 70, 25, 64, 14, 68, 63, 46, 38, 84, 88), 0.71)
((4, 37, 49, 50, 10, 91, 73, 64, 85, 74, 76, 80), 0.71)
((81, 14, 3, 35, 61, 28, 17, 13, 69, 11, 75, 54), 0.71125)
((37, 43, 17, 51, 86, 40, 88, 84), 0.71125)
((18, 43, 65, 17, 1, 41, 14, 55, 86, 80, 53, 92, 25, 69, 30, 57), 0.71125)
((85, 5, 66, 69, 17, 43, 2, 30, 31, 25, 59, 71, 40, 90, 44, 10), 0.7125)
((80, 74, 34, 26, 78, 76, 1, 11, 54, 43, 46, 37), 0.7125)
((27, 42, 84, 59, 55, 82, 91, 87, 83, 2, 24, 52), 0.71375)
((48, 63, 61, 83, 77, 64, 85, 12, 69, 3, 19, 66), 0.71375)
((81, 14, 3, 35, 61, 28, 17, 13, 69, 11, 75, 54), 0.715)
((92, 85, 87, 4), 0.715)
((87, 34, 43, 63, 22, 52, 14, 45, 65, 17, 68, 80, 51, 46, 29, 53), 0.715)
((4, 76, 60, 10), 0.71625)
((69, 29, 66, 75), 0.71625)
((82, 17, 8, 29, 45, 15, 63, 77, 46, 2, 14, 20, 36, 76, 23, 79), 0.71625)
((5, 63, 15, 38, 35, 82, 86, 57, 90, 47, 72, 73), 0.71625)
((27, 73, 84, 59, 55, 89, 91, 87, 83, 2, 24, 52), 0.7175)
((33, 32, 51, 1, 11, 44, 75, 74, 34, 79, 9, 43), 0.7175)
((46, 42, 39, 50, 40, 16, 64, 85), 0.7175)
((10, 84, 92, 49, 32, 37, 43, 70), 0.7175)
((65, 33, 31, 84, 49, 30, 63, 3, 52, 43, 10, 37, 53, 80, 2, 27), 0.71875)
((38, 6, 61, 85, 84, 69, 87, 80), 0.71875)
((14, 49, 40, 85, 67, 36, 51, 58, 9, 59, 19, 1, 16, 87, 42, 27), 0.71875)
((73, 35, 24, 39, 60, 48, 84, 62, 6, 37, 14, 46, 65, 23, 25, 55), 0.71875)
((53, 49, 7, 33, 3, 77, 12, 67, 74, 48, 51, 45, 60, 31, 83, 66), 0.71875)
((74, 82, 30, 66), 0.72)
((81, 14, 3, 35, 61, 28, 17, 67, 69, 11, 75, 54), 0.72)
((28, 24, 55, 39, 40, 46, 4, 90, 12, 19, 35, 84), 0.72)
((42, 20, 3, 51, 55, 8, 76, 49), 0.72)
((81, 14, 3, 35, 61, 28, 17, 13, 69, 11, 75, 54), 0.72)
((37, 43, 66, 14, 39, 40, 42, 84), 0.72)
((50, 19, 74, 30, 10, 60, 54, 79, 73, 21, 84, 16), 0.72)
((37, 2, 87, 26), 0.72125)
((50, 49, 40, 85, 67, 36, 51, 58, 9, 59, 19, 1, 16, 87, 24, 27), 0.72125)
((82, 73, 91, 28, 60, 14, 30, 23, 7, 34, 44, 51, 15, 65, 62, 12), 0.72125)
((62, 71, 61, 51), 0.72125)
((68, 48, 57, 50), 0.72125)
((81, 14, 3, 35, 61, 28, 17, 13, 69, 11, 75, 54), 0.7225)
((67, 88, 28, 55, 10, 56, 29, 39, 70, 9, 50, 4), 0.7225)
((73, 80, 46, 56, 1, 40, 43, 4, 75, 53, 70, 44, 66, 86, 25, 0), 0.72375)
((81, 14, 3, 35, 61, 28, 17, 13, 69, 11, 75, 54), 0.72375)
((14, 49, 40, 85, 67, 36, 51, 58, 9, 59, 19, 1, 16, 87, 42, 27), 0.72375)
((81, 14, 3, 35, 61, 28, 17, 13, 69, 11, 75, 54), 0.72375)
((88, 17, 52, 31, 29, 63, 55, 82, 89, 8, 78, 4), 0.72375)
((66, 2, 36, 18, 68, 12, 59, 37, 40, 30, 13, 70), 0.725)
((81, 14, 3, 35, 61, 28, 17, 13, 69, 11, 75, 54), 0.725)
((26, 24, 49, 29), 0.725)
((37, 35, 0, 55, 64, 24, 77, 26, 88, 71, 6, 40), 0.725)
((23, 35, 25, 67, 9, 59, 26, 49, 92, 79, 86, 85, 1, 46, 62, 56), 0.725)
((82, 87, 8, 30, 5, 42, 47, 62, 65, 19, 14, 73, 49, 46, 45, 32), 0.725)
((92, 72, 87, 64), 0.72625)
((73, 80, 46, 56, 1, 40, 43, 4, 75, 53, 70, 44, 66, 84, 25, 0), 0.72625)
((81, 14, 3, 35, 61, 28, 17, 13, 69, 11, 75, 54), 0.72625)
((78, 71, 37, 22, 81, 62, 91, 64, 38, 67, 16, 49), 0.72625)
((50, 49, 40, 85, 67, 36, 51, 58, 9, 59, 19, 1, 16, 87, 24, 27), 0.72625)
((10, 25, 27, 11, 64, 67, 28, 2, 31, 32, 41, 76), 0.72625)
((81, 14, 3, 35, 61, 28, 17, 13, 69, 11, 75, 54), 0.72625)
((78, 55, 90, 40), 0.72625)
((72, 80, 76, 51, 58, 0, 87, 48), 0.7275)
((59, 30, 48, 25, 47, 50, 88, 67, 27, 49, 23, 68), 0.7275)
((40, 59, 24, 89, 85, 15, 41, 49, 4, 68, 76, 66), 0.7275)
((10, 33, 28, 47), 0.7275)
((81, 48, 3, 35, 61, 28, 17, 13, 69, 11, 75, 54), 0.7275)
((25, 85, 92, 54, 73, 22, 87, 17), 0.72875)
((38, 32, 33, 9, 43, 42, 60, 86, 78, 35, 41, 47, 88, 55, 0, 28), 0.72875)
((81, 14, 3, 35, 61, 28, 17, 13, 69, 11, 75, 54), 0.72875)
((3, 51, 53, 44), 0.72875)
((42, 20, 33, 17), 0.72875)
((81, 14, 3, 35, 61, 28, 17, 13, 69, 11, 75, 54), 0.73)
((41, 46, 84, 24, 27, 8, 86, 1, 85, 82, 63, 18), 0.73)
((42, 70, 36, 5), 0.73)
((37, 43, 17, 64, 86, 40, 88, 84), 0.73)
((55, 13, 64, 32, 11, 70, 5, 74, 90, 75, 43, 0, 21, 58, 78, 19), 0.73)
((59, 43, 74, 3, 91, 6, 32, 92), 0.73)
((0, 81, 3, 26, 34, 72, 84, 70), 0.73)
((55, 49, 5, 36, 16, 75, 88, 79, 46, 60, 1, 40, 82, 56, 24, 73), 0.73125)
((92, 85, 6, 4), 0.73125)
((78, 56, 8, 83, 14, 39, 21, 75, 71, 29, 25, 35), 0.73125)
((5, 36, 83, 61, 77, 59, 23, 56, 52, 10, 47, 6, 7, 88, 14, 51), 0.7325)
((81, 14, 3, 35, 61, 28, 17, 13, 69, 11, 75, 54), 0.7325)
((17, 32, 20, 48, 63, 69, 51, 3, 35, 47, 0, 37), 0.7325)
((34, 6, 61, 47), 0.7325)
((29, 89, 14, 66, 16, 71, 56, 42, 63, 26, 62, 91, 44, 21, 32, 73), 0.73375)
((14, 49, 40, 85, 67, 36, 51, 58, 9, 59, 19, 1, 16, 87, 42, 27), 0.73375)
((92, 22, 66, 4, 14, 19, 18, 63, 51, 86, 3, 59), 0.73375)
((36, 21, 54, 85, 9, 65, 12, 49, 60, 17, 44, 59, 16, 89, 86, 50), 0.735)
((37, 43, 17, 51, 86, 40, 88, 84), 0.735)
((37, 38, 20, 59, 33, 23, 78, 36, 61, 82, 46, 21), 0.735)
((91, 75, 61, 29, 23, 86, 50, 90, 46, 69, 30, 89, 58, 40, 3, 33), 0.735)
((25, 29, 35, 67, 60, 33, 71, 8), 0.735)
((37, 43, 17, 64, 86, 40, 88, 84), 0.735)
((70, 62, 43, 12, 52, 60, 74, 3, 16, 77, 24, 17, 76, 20, 68, 66), 0.73625)
((67, 88, 28, 55, 10, 56, 29, 39, 70, 9, 50, 4), 0.73625)
((32, 72, 47, 88, 16, 67, 66, 80, 42, 2, 1, 90), 0.73625)
((10, 84, 92, 49, 32, 37, 43, 70), 0.73625)
((61, 83, 8, 13, 51, 54, 2, 89, 43, 39, 40, 92, 62, 28, 55, 85), 0.7375)
((75, 90, 50, 77, 83, 80, 71, 65), 0.7375)
((81, 14, 3, 35, 61, 28, 17, 13, 69, 11, 75, 54), 0.7375)
((41, 46, 84, 24, 27, 8, 86, 1, 85, 82, 63, 18), 0.7375)
((81, 14, 3, 35, 61, 28, 17, 13, 69, 11, 75, 54), 0.7375)
((42, 20, 33, 17), 0.7375)
((5, 57, 3, 9), 0.7375)
((75, 87, 22, 88, 67, 18, 78, 91, 37, 1, 58, 77), 0.7375)
((67, 24, 79, 84, 77, 70, 11, 62, 41, 36, 90, 20), 0.7375)
((57, 49, 64, 87, 10, 85, 33, 74, 61, 50, 71, 25), 0.7375)
((35, 33, 32, 58), 0.7375)
((35, 33, 32, 58), 0.73875)
((41, 46, 84, 24, 27, 8, 86, 1, 85, 82, 63, 18), 0.73875)
((4, 23, 91, 76, 82, 54, 55, 11, 13, 36, 85, 40, 81, 48, 34, 89), 0.73875)
((19, 62, 64, 68, 31, 22, 26, 92, 0, 44, 56, 2, 66, 10, 70, 51), 0.73875)
((10, 25, 27, 11, 64, 67, 28, 2, 31, 32, 41, 76), 0.73875)
((81, 14, 3, 35, 61, 28, 17, 13, 69, 11, 75, 54), 0.73875)
((81, 14, 3, 35, 61, 28, 17, 13, 69, 11, 75, 54), 0.73875)
((81, 14, 3, 35, 61, 28, 17, 13, 69, 11, 75, 54), 0.74)
((4, 3, 14, 68, 78, 72, 45, 54, 32, 57, 55, 67, 59, 11, 34, 23), 0.74)
((37, 43, 17, 51, 86, 40, 88, 84), 0.74)
((73, 80, 46, 35, 1, 40, 59, 63, 75, 17, 70, 44, 37, 23, 62, 74), 0.74)
((81, 14, 3, 35, 61, 28, 17, 13, 69, 11, 75, 54), 0.74)
((81, 14, 3, 35, 61, 28, 17, 13, 69, 11, 75, 54), 0.74)
((81, 14, 3, 35, 61, 28, 17, 13, 69, 11, 75, 54), 0.74)
((81, 14, 3, 35, 61, 28, 17, 13, 69, 11, 75, 54), 0.74)
((81, 14, 3, 35, 61, 28, 17, 13, 69, 11, 75, 54), 0.74)
((81, 14, 3, 35, 61, 28, 17, 13, 69, 11, 75, 54), 0.74125)
((92, 4, 5, 79, 58, 32, 0, 70), 0.7425)
((81, 14, 3, 35, 61, 28, 17, 13, 69, 11, 75, 54), 0.7425)
((81, 14, 3, 35, 61, 28, 17, 13, 69, 11, 75, 54), 0.7425)
((14, 85, 0, 53, 46, 18, 75, 40, 34, 59, 11, 4), 0.7425)
((83, 92, 64, 8, 25, 0, 41, 82, 70, 52, 47, 90), 0.7425)
((73, 80, 46, 35, 1, 40, 59, 19, 75, 17, 70, 44, 37, 83, 85, 50), 0.7425)
((28, 61, 55, 39, 40, 46, 4, 90, 12, 19, 35, 72), 0.74375)
((67, 88, 28, 55, 10, 56, 29, 39, 70, 9, 50, 4), 0.74375)
((66, 72, 20, 59, 88, 55, 8, 74, 64, 10, 86, 52, 70, 33, 81, 19), 0.74375)
((42, 20, 33, 17), 0.74375)
((41, 46, 84, 24, 27, 8, 86, 1, 85, 82, 63, 18), 0.74375)
((81, 14, 3, 35, 61, 28, 17, 13, 69, 11, 75, 54), 0.74375)
((81, 14, 3, 35, 61, 28, 17, 13, 69, 11, 75, 54), 0.74375)
((17, 69, 75, 77, 4, 64, 72, 54, 53, 90, 24, 61, 36, 29, 91, 38), 0.745)
((86, 92, 76, 31, 85, 30, 66, 14, 21, 77, 16, 64, 48, 69, 27, 20), 0.745)
((85, 23, 7, 30, 11, 12, 81, 82, 32, 74, 84, 57, 63, 79, 33, 67), 0.745)
((58, 83, 78, 80, 14, 74, 0, 8, 34, 25, 46, 39, 68, 12, 82, 69), 0.745)
((38, 77, 67, 8, 23, 54, 3, 86, 45, 12, 75, 9, 51, 47, 80, 87), 0.745)
((43, 74, 78, 27), 0.745)
((42, 46, 67, 48, 44, 77, 76, 8, 40, 57, 49, 36, 91, 73, 38, 33), 0.745)
((88, 17, 52, 31, 71, 63, 35, 62, 1, 8, 78, 4), 0.745)
((7, 5, 82, 16), 0.745)
((1, 77, 31, 3, 50, 52, 72, 89, 87, 78, 32, 81, 42, 76, 41, 64), 0.745)
((47, 43, 17, 51, 64, 4, 88, 84), 0.745)
((71, 73, 33, 89, 40, 20, 16, 82), 0.74625)
((73, 51, 27, 21, 68, 48, 22, 89), 0.74625)
((81, 14, 3, 35, 61, 28, 17, 13, 69, 11, 75, 54), 0.74625)
((35, 38, 31, 74, 83, 81, 61, 24, 55, 90, 36, 91, 9, 85, 30, 18), 0.74625)
((42, 70, 33, 17), 0.74625)
((41, 46, 84, 24, 27, 8, 86, 1, 85, 82, 63, 18), 0.74625)
((67, 88, 28, 55, 10, 56, 29, 39, 70, 9, 50, 4), 0.74625)
((67, 88, 28, 55, 10, 56, 29, 39, 70, 9, 50, 4), 0.7475)
((44, 59, 17, 51, 64, 40, 41, 36), 0.7475)
((81, 14, 3, 35, 61, 28, 17, 13, 69, 11, 75, 54), 0.7475)
((14, 17, 66, 78, 86, 92, 46, 69, 38, 22, 5, 91), 0.7475)
((55, 34, 5, 39, 32, 75, 88, 79, 46, 10, 1, 40, 31, 56, 14, 73), 0.7475)
((13, 60, 90, 10, 80, 81, 0, 57, 21, 6, 5, 4), 0.7475)
((84, 80, 48, 6, 83, 81, 42, 7, 15, 30, 62, 70), 0.7475)
((2, 45, 4, 49, 59, 27, 66, 54, 68, 92, 39, 36, 84, 18, 23, 91), 0.7475)
((81, 14, 3, 35, 61, 28, 17, 13, 69, 11, 75, 54), 0.7475)
((59, 48, 32, 24, 43, 82, 66, 23, 73, 40, 71, 81, 18, 10, 62, 79), 0.7475)
((92, 48, 32, 9, 43, 82, 66, 23, 73, 35, 71, 81, 18, 10, 62, 79), 0.7475)
((70, 62, 82, 80, 72, 22, 59, 86, 92, 38, 87, 35, 37, 73, 85, 50), 0.74875)
((48, 61, 55, 26, 4, 45, 79, 22, 65, 81, 14, 35, 10, 38, 84, 51), 0.74875)
((69, 85, 54, 53, 56, 0, 67, 5), 0.74875)
((81, 14, 3, 35, 61, 28, 17, 13, 69, 11, 75, 54), 0.74875)
((79, 30, 41, 58, 6, 44, 56, 71, 77, 69, 50, 8), 0.74875)
((81, 14, 3, 35, 61, 28, 17, 13, 69, 11, 75, 54), 0.74875)
((81, 14, 3, 35, 61, 28, 17, 13, 69, 11, 75, 54), 0.74875)
((57, 25, 28, 1, 8, 87, 47, 81, 73, 54, 76, 52, 40, 31, 79, 35), 0.74875)
((35, 38, 31, 74, 82, 81, 61, 89, 55, 90, 36, 62, 9, 57, 30, 18), 0.74875)
((38, 32, 33, 9, 43, 42, 60, 86, 53, 40, 41, 47, 88, 81, 0, 28), 0.74875)
((57, 10, 81, 17, 38, 45, 66, 43, 36, 35, 84, 64, 58, 48, 23, 74), 0.74875)
((37, 43, 17, 51, 86, 40, 88, 84), 0.75)
((19, 62, 64, 68, 31, 22, 26, 92, 0, 44, 56, 2, 66, 10, 70, 51), 0.75)
((23, 20, 33, 11, 32, 53, 66, 43, 27, 54, 59, 28, 7, 81, 71, 47), 0.75)
((78, 50, 36, 57, 19, 28, 84, 45, 83, 48, 87, 37), 0.75)
((60, 24, 46, 72, 52, 18, 85, 55, 26, 21, 47, 9), 0.75)
((26, 22, 75, 39, 18, 82, 74, 31, 52, 66, 6, 33, 1, 60, 47, 68), 0.75)
((11, 77, 44, 68, 81, 16, 7, 38, 41, 29, 80, 54, 75, 69, 66, 27), 0.75)
((38, 55, 22, 57, 70, 32, 54, 86, 41, 39, 34, 11, 42, 63, 85, 17), 0.75)
((8, 10, 75, 88, 4, 82, 23, 14, 36, 26, 43, 85, 15, 89, 3, 18), 0.75)
((26, 33, 81, 14), 0.75)
((81, 14, 3, 35, 61, 28, 17, 13, 69, 11, 75, 54), 0.75)
((57, 10, 81, 17, 38, 45, 66, 43, 36, 35, 84, 64, 58, 48, 23, 74), 0.75)
((92, 36, 89, 42, 41, 64, 49, 71, 85, 84, 1, 24), 0.75)
((44, 30, 3, 20, 17, 28, 90, 4, 38, 81, 53, 45), 0.75)
((57, 6, 89, 84, 46, 41, 69, 55, 40, 80, 21, 63, 86, 18, 78, 91), 0.75)
((0, 10, 46, 50, 31, 44, 66, 24, 36, 87, 20, 64, 58, 19, 23, 74), 0.75)
((4, 23, 91, 76, 11, 12, 46, 82, 90, 74, 2, 0, 25, 79, 1, 86), 0.75125)
((52, 29, 54, 90, 34, 38, 46, 33, 72, 53, 22, 51, 68, 1, 85, 87), 0.75125)
((81, 14, 3, 35, 61, 28, 17, 13, 69, 11, 75, 54), 0.75125)
((91, 62, 26, 90, 73, 47, 5, 34, 30, 77, 86, 35), 0.75125)
((10, 55, 27, 3, 23, 67, 28, 48, 5, 54, 8, 20), 0.75125)
((81, 14, 3, 35, 61, 28, 17, 13, 69, 11, 75, 54), 0.75125)
((73, 48, 46, 35, 1, 40, 59, 19, 75, 17, 47, 2, 37, 83, 85, 50), 0.75125)
((7, 43, 70, 52, 48, 1, 86, 41, 42, 13, 8, 4), 0.7525)
((57, 10, 81, 17, 38, 45, 66, 43, 36, 35, 84, 64, 58, 48, 23, 74), 0.7525)
((57, 10, 81, 17, 38, 45, 66, 43, 36, 35, 84, 64, 58, 48, 23, 74), 0.7525)
((81, 14, 3, 35, 61, 28, 17, 13, 69, 11, 75, 54), 0.7525)
((57, 10, 81, 17, 38, 45, 66, 43, 36, 35, 84, 64, 58, 48, 23, 74), 0.7525)
((84, 73, 82, 31, 4, 22, 91, 9, 92, 54, 87, 44, 0, 62, 48, 5), 0.7525)
((16, 80, 66, 8, 61, 88, 89, 48, 62, 82, 76, 9), 0.7525)
((79, 16, 20, 60, 4, 54, 55, 11, 13, 36, 85, 40, 81, 48, 34, 89), 0.7525)
((51, 72, 61, 47, 33, 58, 62, 86, 84, 35, 43, 34, 21, 45, 68, 90), 0.7525)
((53, 76, 36, 21, 40, 77, 24, 29, 25, 7, 43, 82), 0.7525)
((59, 48, 32, 24, 14, 45, 66, 3, 87, 40, 76, 81, 18, 10, 37, 79), 0.7525)
((48, 54, 25, 77, 4, 17, 0, 45, 71, 19, 84, 26, 31, 29, 52, 90), 0.7525)
((73, 80, 43, 70, 47, 79, 67, 85, 29, 45, 7, 83, 11, 44, 18, 25), 0.75375)
((73, 80, 46, 35, 1, 40, 59, 19, 75, 17, 70, 44, 37, 83, 85, 50), 0.75375)
((62, 26, 70, 77, 63, 90, 87, 4, 27, 83, 59, 38, 22, 35, 3, 57), 0.75375)
((17, 69, 60, 77, 4, 64, 82, 54, 53, 90, 43, 61, 36, 29, 91, 38), 0.75375)
((67, 88, 28, 55, 10, 56, 29, 39, 70, 9, 50, 4), 0.75375)
((24, 8, 78, 30, 63, 18, 72, 75, 86, 12, 50, 15), 0.75375)
((81, 14, 3, 35, 61, 28, 17, 13, 69, 11, 75, 54), 0.75375)
((59, 48, 32, 24, 3, 82, 66, 14, 87, 40, 76, 81, 18, 10, 37, 79), 0.75375)
((79, 72, 23, 67, 66, 68, 48, 40, 88, 19, 14, 18, 31, 71, 70, 76), 0.755)
((88, 17, 6, 31, 71, 63, 55, 62, 89, 8, 21, 4), 0.755)
((88, 73, 86, 40), 0.755)
((57, 10, 81, 17, 38, 45, 66, 43, 36, 35, 84, 64, 58, 48, 23, 74), 0.755)
((64, 8, 0, 21, 31, 73, 32, 50, 12, 45, 16, 25, 86, 89, 75, 5), 0.755)
((41, 70, 79, 44, 16, 11, 54, 85, 55, 62, 57, 19), 0.755)
((20, 44, 67, 32, 12, 82, 66, 74, 51, 7, 72, 28, 38, 10, 56, 16), 0.755)
((49, 46, 87, 42, 44, 60, 23, 14, 15, 77, 61, 20, 36, 89, 58, 30), 0.755)
((28, 24, 55, 39, 40, 46, 4, 90, 12, 19, 35, 84), 0.755)
((92, 8, 23, 89, 59, 13, 22, 26, 77, 70, 80, 2), 0.755)
((8, 24, 42, 75, 69, 58, 64, 56, 67, 51, 6, 36), 0.75625)
((10, 83, 46, 7, 1, 40, 59, 18, 71, 17, 35, 44, 37, 80, 14, 51), 0.75625)
((70, 62, 82, 80, 72, 22, 59, 86, 92, 38, 87, 35, 37, 73, 85, 50), 0.75625)
((81, 14, 3, 35, 61, 28, 17, 13, 69, 11, 75, 54), 0.75625)
((47, 14, 3, 35, 61, 28, 17, 13, 69, 11, 75, 54), 0.75625)
((59, 85, 21, 80, 14, 57, 4, 87, 77, 22, 76, 70, 55, 13, 33, 47), 0.75625)
((83, 80, 31, 8, 59, 81, 54, 35, 70, 24, 37, 36), 0.75625)
((73, 80, 46, 35, 1, 40, 59, 19, 75, 17, 70, 44, 37, 83, 85, 50), 0.75625)
((73, 80, 46, 35, 1, 40, 59, 19, 75, 17, 70, 44, 37, 83, 85, 50), 0.75625)
((81, 14, 3, 35, 61, 28, 17, 13, 69, 11, 75, 54), 0.7575)
((72, 11, 54, 74, 51, 22, 12, 49, 2, 56, 91, 59, 25, 58, 81, 50), 0.7575)
((35, 10, 53, 71, 38, 14, 64, 40, 3, 55, 32, 61, 50, 24, 23, 74), 0.7575)
((39, 64, 46, 47, 16, 13, 17, 31, 52, 91, 89, 29, 82, 90, 87, 25), 0.7575)
((37, 62, 45, 20, 13, 65, 29, 11, 63, 89, 60, 64), 0.7575)
((81, 14, 3, 35, 61, 28, 17, 13, 69, 11, 75, 54), 0.7575)
((41, 46, 84, 24, 27, 8, 86, 1, 85, 82, 63, 18), 0.7575)
((49, 70, 46, 39, 51, 36, 89, 29, 2, 55, 23, 7), 0.7575)
((83, 80, 31, 8, 25, 81, 54, 35, 70, 52, 37, 36), 0.7575)
((35, 33, 32, 58), 0.7575)
((57, 10, 81, 17, 38, 45, 66, 43, 36, 35, 84, 64, 58, 48, 23, 74), 0.7575)
((81, 14, 3, 35, 61, 28, 17, 13, 69, 11, 75, 54), 0.7575)
((37, 43, 17, 51, 86, 40, 88, 84), 0.75875)
((57, 10, 81, 17, 38, 45, 66, 43, 36, 35, 84, 64, 58, 48, 23, 74), 0.75875)
((52, 11, 62, 70), 0.75875)
((70, 62, 82, 80, 72, 22, 59, 86, 92, 38, 87, 35, 37, 73, 85, 50), 0.75875)
((70, 62, 82, 80, 72, 22, 59, 86, 92, 38, 87, 35, 37, 73, 85, 50), 0.75875)
((70, 62, 84, 61, 72, 22, 59, 36, 92, 38, 87, 65, 19, 73, 85, 50), 0.75875)
((4, 23, 91, 76, 82, 54, 55, 11, 13, 36, 85, 40, 81, 48, 34, 89), 0.76)
((79, 16, 20, 60, 4, 12, 28, 82, 90, 73, 66, 40, 81, 48, 34, 89), 0.76)
((67, 88, 28, 55, 10, 56, 29, 39, 70, 9, 50, 4), 0.76)
((25, 44, 85, 12, 23, 15, 63, 77, 46, 2, 14, 20, 36, 76, 5, 79), 0.76)
((50, 69, 15, 89, 12, 8, 87, 70, 26, 20, 85, 84), 0.76)
((48, 16, 20, 60, 4, 12, 46, 82, 90, 5, 66, 0, 25, 79, 1, 86), 0.76)
((70, 62, 82, 80, 72, 22, 59, 86, 92, 38, 87, 35, 37, 73, 85, 50), 0.76)
((87, 68, 79, 29, 70, 20, 71, 39, 47, 62, 89, 7), 0.76)
((25, 33, 4, 65), 0.76)
((75, 43, 10, 28, 81, 74, 18, 83, 87, 24, 68, 31), 0.76)
((81, 14, 3, 35, 61, 28, 17, 13, 69, 11, 75, 54), 0.76)
((11, 87, 26, 90), 0.76125)
((28, 24, 55, 39, 40, 46, 4, 90, 12, 19, 35, 84), 0.76125)
((48, 62, 25, 77, 4, 17, 0, 45, 71, 40, 10, 26, 31, 29, 52, 90), 0.76125)
((8, 74, 42, 6), 0.76125)
((92, 71, 84, 63, 17, 28, 90, 34, 66, 16, 2, 20), 0.76125)
((57, 10, 81, 17, 38, 45, 66, 43, 34, 40, 84, 41, 19, 48, 23, 74), 0.76125)
((37, 43, 17, 51, 86, 40, 88, 84), 0.76125)
((26, 55, 28, 60, 90, 40, 44, 42, 57, 0, 41, 50), 0.76125)
((4, 23, 91, 76, 31, 54, 55, 11, 13, 36, 85, 40, 81, 48, 34, 89), 0.76125)
((81, 14, 3, 35, 61, 28, 17, 13, 69, 11, 75, 54), 0.76125)
((81, 14, 3, 35, 61, 28, 17, 13, 69, 11, 75, 54), 0.76125)
((41, 46, 84, 24, 27, 8, 86, 1, 85, 82, 63, 18), 0.76125)
((78, 46, 25, 48, 3, 33, 68, 29, 10, 62, 41, 63, 81, 73, 64, 74), 0.76125)
((88, 17, 85, 31, 71, 63, 35, 62, 1, 8, 39, 4), 0.76125)
((81, 14, 3, 35, 61, 28, 17, 13, 69, 11, 75, 54), 0.76125)
((51, 80, 79, 84, 56, 81, 10, 78, 20, 54, 68, 41), 0.76125)
((69, 70, 43, 27, 86, 25, 37, 90, 21, 1, 8, 18), 0.76125)
((48, 62, 25, 77, 4, 17, 0, 45, 71, 40, 10, 26, 31, 29, 52, 90), 0.7625)
((42, 33, 41, 82, 49, 37, 2, 89, 18, 63, 7, 38, 36, 9, 51, 13), 0.7625)
((59, 48, 32, 24, 3, 82, 66, 14, 87, 40, 76, 81, 18, 10, 37, 79), 0.7625)
((35, 33, 32, 58), 0.7625)
((25, 44, 85, 29, 23, 15, 63, 77, 46, 2, 14, 20, 36, 76, 5, 79), 0.7625)
((14, 24, 29, 21, 79, 63, 88, 37, 22, 33, 68, 8), 0.7625)
((0, 10, 46, 73, 31, 77, 66, 24, 36, 83, 20, 64, 58, 19, 23, 74), 0.7625)
((81, 14, 3, 35, 61, 28, 17, 13, 69, 11, 75, 54), 0.7625)
((4, 85, 17, 39), 0.7625)
((7, 19, 13, 22, 52, 82, 46, 72, 9, 45, 81, 91), 0.7625)
((57, 10, 81, 17, 72, 45, 66, 3, 36, 35, 84, 64, 19, 48, 14, 74), 0.7625)
((65, 31, 88, 80, 85, 69, 42, 54, 68, 41, 15, 5), 0.7625)
((48, 62, 25, 77, 4, 17, 0, 45, 71, 40, 10, 26, 31, 29, 52, 90), 0.7625)
((48, 62, 25, 77, 4, 17, 0, 45, 71, 40, 10, 26, 31, 29, 52, 90), 0.7625)
((42, 44, 86, 70, 46, 3, 83, 48, 39, 34, 27, 62, 58, 71, 64, 14), 0.76375)
((57, 10, 81, 17, 72, 45, 66, 3, 36, 35, 84, 64, 19, 48, 14, 74), 0.76375)
((57, 10, 81, 17, 72, 45, 66, 14, 36, 35, 84, 64, 19, 48, 3, 74), 0.76375)
((57, 10, 81, 17, 72, 45, 66, 3, 36, 35, 84, 64, 19, 48, 14, 74), 0.76375)
((90, 87, 71, 0, 58, 83, 32, 20, 80, 21, 42, 6), 0.76375)
((81, 14, 3, 35, 61, 28, 17, 13, 69, 11, 75, 54), 0.76375)
((12, 56, 42, 79), 0.76375)
((67, 11, 26, 13, 77, 71, 21, 64, 91, 55, 18, 34, 90, 52, 59, 4), 0.76375)
((81, 14, 3, 35, 61, 28, 17, 13, 69, 11, 75, 54), 0.76375)
((45, 15, 85, 49, 46, 17, 44, 53), 0.765)
((81, 20, 65, 48, 31, 35, 50, 2, 41, 52, 82, 61), 0.765)
((41, 59, 17, 51, 45, 49, 20, 36), 0.765)
((57, 10, 81, 17, 72, 82, 66, 14, 36, 35, 84, 64, 19, 48, 3, 74), 0.765)
((67, 88, 28, 55, 10, 56, 29, 39, 70, 9, 50, 4), 0.765)
((38, 44, 84, 87, 91, 48, 41, 17), 0.765)
((48, 62, 25, 77, 4, 17, 57, 45, 71, 40, 75, 26, 65, 29, 6, 54), 0.765)
((73, 8, 33, 1), 0.765)
((40, 10, 85, 74, 36, 6, 92, 13, 82, 77, 7, 75), 0.765)
((81, 14, 3, 35, 61, 28, 17, 13, 69, 11, 75, 54), 0.765)
((83, 25, 44, 82, 64, 21, 72, 48, 59, 54, 8, 4), 0.765)
((25, 59, 45, 74), 0.765)
((65, 4, 33, 48), 0.765)
((72, 68, 49, 21, 4, 11, 60, 87), 0.765)
((44, 32, 76, 48, 72, 60, 59, 70), 0.76625)
((79, 72, 23, 67, 66, 68, 48, 40, 88, 19, 14, 18, 31, 71, 70, 76), 0.76625)
((75, 66, 35, 90, 73, 24, 25, 4), 0.76625)
((48, 62, 25, 77, 4, 17, 0, 45, 71, 40, 10, 26, 31, 29, 52, 90), 0.76625)
((52, 29, 54, 90, 69, 38, 46, 33, 72, 53, 22, 51, 19, 1, 85, 87), 0.76625)
((92, 85, 87, 54), 0.76625)
((41, 46, 84, 24, 27, 8, 86, 1, 85, 82, 63, 18), 0.76625)
((79, 72, 75, 67, 66, 68, 48, 40, 88, 19, 14, 18, 31, 71, 70, 76), 0.76625)
((75, 7, 34, 86, 6, 82, 76, 74, 83, 67, 55, 59), 0.76625)
((81, 14, 3, 35, 61, 28, 17, 13, 69, 11, 75, 54), 0.76625)
((31, 74, 3, 5), 0.76625)
((62, 8, 90, 24), 0.76625)
((25, 44, 85, 29, 23, 15, 63, 77, 46, 2, 14, 20, 36, 76, 5, 79), 0.76625)
((42, 0, 37, 38), 0.76625)
((13, 70, 43, 19, 86, 20, 65, 30, 15, 7, 80, 25), 0.7675)
((60, 75, 54, 17, 38, 5, 83, 22, 9, 56, 61, 68, 64, 24, 79, 34), 0.7675)
((48, 62, 25, 77, 4, 17, 0, 45, 71, 40, 10, 26, 31, 29, 52, 90), 0.7675)
((48, 62, 25, 77, 4, 17, 0, 45, 71, 40, 10, 26, 31, 29, 52, 90), 0.7675)
((73, 44, 0, 62), 0.7675)
((26, 21, 52, 87, 61, 67, 41, 43), 0.7675)
((89, 23, 31, 62), 0.7675)
((7, 86, 25, 62), 0.7675)
((75, 71, 77, 55, 84, 33, 57, 8, 70, 49, 5, 92), 0.7675)
((62, 70, 2, 67, 84, 22, 63, 65, 90, 7, 87, 31, 19, 35, 72, 5), 0.7675)
((41, 46, 84, 24, 27, 8, 86, 1, 85, 82, 63, 18), 0.7675)
((81, 14, 3, 35, 61, 28, 17, 13, 69, 11, 75, 54), 0.76875)
((88, 43, 17, 51, 45, 49, 20, 84), 0.76875)
((81, 14, 3, 35, 61, 28, 17, 13, 69, 11, 75, 54), 0.76875)
((8, 54, 53, 33, 89, 36, 37, 35, 5, 63, 13, 61), 0.76875)
((74, 72, 21, 60), 0.76875)
((50, 8, 17, 82, 5, 48, 11, 10), 0.76875)
((35, 33, 32, 58), 0.76875)
((57, 10, 81, 17, 72, 45, 66, 3, 36, 35, 84, 64, 19, 48, 14, 74), 0.76875)
((10, 60, 23, 63, 65, 35, 24, 90, 1, 86, 71, 18), 0.76875)
((42, 25, 47, 31, 90, 21, 72, 89, 59, 55, 23, 4), 0.76875)
((25, 55, 81, 41, 27, 32, 26, 90, 68, 37, 7, 12), 0.76875)
((41, 46, 84, 24, 27, 8, 86, 1, 85, 82, 63, 18), 0.76875)
((43, 67, 75, 26), 0.76875)
((53, 73, 50, 26), 0.76875)
((3, 37, 56, 82), 0.76875)
((81, 14, 3, 35, 61, 28, 17, 13, 69, 11, 75, 54), 0.76875)
((65, 11, 43, 19, 82, 13, 12, 16, 21, 84, 90, 28), 0.76875)
((34, 33, 32, 58), 0.76875)
((50, 37, 36, 23, 85, 82, 84, 92, 83, 49, 41, 15), 0.76875)
((39, 85, 26, 57, 61, 41, 62, 16, 21, 77, 54, 42), 0.76875)
((74, 57, 29, 63, 40, 76, 38, 2, 71, 21, 46, 83), 0.77)
((81, 14, 3, 35, 61, 28, 17, 13, 69, 11, 75, 54), 0.77)
((26, 50, 14, 24, 83, 38, 88, 25, 7, 39, 42, 86), 0.77)
((36, 43, 12, 27, 19, 9, 32, 0), 0.77)
((37, 43, 17, 51, 86, 40, 88, 84), 0.77)
((70, 25, 11, 41), 0.77)
((62, 26, 89, 39), 0.77)
((51, 12, 42, 83, 39, 34, 11, 29), 0.77125)
((89, 49, 21, 23, 2, 59, 84, 3, 42, 85, 91, 60), 0.77125)
((34, 26, 65, 68, 18, 0, 79, 2), 0.77125)
((75, 44, 67, 49, 34, 73, 13, 53), 0.77125)
((75, 60, 8, 64, 46, 41, 76, 87), 0.77125)
((73, 80, 46, 35, 1, 40, 59, 19, 75, 17, 70, 44, 37, 83, 85, 50), 0.77125)
((81, 14, 3, 35, 61, 28, 17, 13, 69, 11, 75, 54), 0.77125)
((2, 73, 46, 40, 80, 18, 38, 20, 72, 11, 0, 68), 0.77125)
((44, 77, 17, 62), 0.77125)
((30, 80, 19, 31, 15, 22, 40, 70, 36, 48, 50, 38), 0.77125)
((43, 8, 1, 90, 45, 65, 21, 27, 73, 42, 5, 52), 0.77125)
((57, 59, 81, 17, 72, 82, 63, 84, 19, 2, 77, 20, 46, 76, 69, 79), 0.77125)
((13, 90, 41, 39), 0.77125)
((41, 46, 84, 24, 27, 8, 86, 1, 85, 82, 63, 18), 0.77125)
((75, 62, 89, 49, 60, 86, 92, 1), 0.77125)
((81, 14, 3, 35, 61, 28, 17, 13, 69, 11, 75, 54), 0.77125)
((42, 67, 23, 31, 84, 63, 88, 83, 77, 39, 8, 4), 0.77125)
((88, 35, 74, 44, 9, 12, 22, 33), 0.77125)
((56, 25, 86, 62), 0.77125)
((40, 81, 6, 85, 43, 36, 26, 22, 47, 38, 88, 74), 0.77125)
((85, 23, 19, 57, 77, 37, 33, 5), 0.7725)
((42, 20, 33, 17), 0.7725)
((26, 41, 46, 72), 0.7725)
((52, 1, 31, 86, 46, 82, 76, 64, 36, 49, 41, 35), 0.7725)
((60, 24, 31, 72, 29, 63, 55, 82, 89, 8, 78, 4), 0.7725)
((46, 11, 3, 82), 0.7725)
((57, 10, 81, 17, 72, 45, 66, 3, 36, 35, 84, 64, 19, 48, 14, 74), 0.7725)
((74, 17, 7, 32, 4, 36, 91, 47), 0.7725)
((38, 32, 33, 9, 43, 42, 60, 86, 0, 44, 56, 2, 88, 81, 53, 28), 0.7725)
((70, 62, 82, 80, 72, 22, 59, 86, 92, 38, 87, 35, 37, 73, 85, 50), 0.7725)
((85, 74, 82, 23, 46, 92, 41, 28, 38, 12, 55, 44, 37, 49, 58, 27), 0.7725)
((83, 76, 33, 18), 0.77375)
((45, 43, 12, 84, 29, 69, 70, 83), 0.77375)
((84, 4, 10, 27, 43, 85, 5, 69, 19, 15, 14, 29), 0.77375)
((48, 62, 25, 77, 4, 87, 0, 45, 71, 40, 10, 26, 31, 29, 52, 90), 0.77375)
((63, 16, 53, 72), 0.77375)
((85, 49, 89, 33, 83, 74, 23, 1, 60, 40, 50, 27), 0.77375)
((49, 25, 44, 82, 90, 21, 72, 89, 59, 55, 8, 4), 0.77375)
((47, 39, 92, 22), 0.77375)
((38, 85, 28, 71), 0.77375)
((48, 4, 7, 53, 11, 65, 26, 70, 28, 83, 47, 21), 0.77375)
((76, 52, 73, 14, 5, 25, 54, 87), 0.77375)
((12, 51, 91, 69, 19, 33, 74, 17), 0.77375)
((75, 91, 35, 49, 46, 17, 60, 87), 0.77375)
((8, 80, 73, 61, 63, 76, 59, 1, 17, 43, 23, 67), 0.77375)
((65, 63, 79, 26), 0.775)
((71, 73, 68, 78, 69, 56, 7, 4, 77, 25, 54, 23), 0.775)
((70, 62, 82, 80, 72, 22, 59, 86, 92, 38, 87, 35, 37, 73, 85, 50), 0.775)
((75, 62, 89, 49, 60, 86, 92, 1), 0.775)
((54, 45, 89, 50, 87, 32, 49, 53), 0.775)
((7, 9, 43, 87, 2, 64, 57, 22, 56, 77, 81, 42), 0.775)
((86, 92, 9, 54, 83, 34, 67, 76), 0.775)
((19, 37, 34, 42, 82, 6, 20, 91, 83, 23, 92, 45), 0.775)
((81, 14, 3, 35, 61, 28, 17, 13, 69, 11, 75, 54), 0.775)
((56, 25, 86, 62), 0.775)
((13, 70, 43, 19, 86, 20, 65, 30, 15, 7, 80, 25), 0.775)
((26, 66, 83, 39, 22, 6, 79, 10, 58, 46, 61, 82), 0.775)
((56, 25, 11, 3), 0.775)
((50, 44, 83, 22, 90, 82, 84, 92, 36, 85, 41, 15), 0.775)
((70, 62, 82, 80, 72, 22, 59, 86, 92, 38, 87, 35, 37, 73, 85, 50), 0.775)
((41, 46, 84, 24, 27, 8, 86, 1, 85, 82, 63, 18), 0.77625)
((48, 44, 88, 60, 49, 42, 32, 36, 16, 85, 66, 54), 0.77625)
((50, 44, 83, 22, 90, 82, 84, 92, 36, 85, 41, 35), 0.77625)
((38, 18, 76, 85, 79, 55, 48, 68, 33, 16, 71, 83), 0.77625)
((20, 29, 28, 16), 0.77625)
((76, 33, 58, 41), 0.77625)
((46, 44, 34, 69), 0.77625)
((10, 61, 74, 9, 60, 7, 82, 1), 0.77625)
((32, 54, 90, 88, 24, 73, 12, 51, 34, 14, 85, 57), 0.77625)
((41, 59, 17, 51, 45, 49, 20, 36), 0.77625)
((41, 46, 84, 24, 27, 8, 86, 1, 85, 82, 63, 18), 0.77625)
((41, 46, 84, 24, 27, 8, 86, 1, 85, 82, 63, 18), 0.77625)
((81, 14, 3, 35, 61, 28, 17, 13, 69, 11, 75, 54), 0.77625)
((13, 70, 43, 19, 86, 20, 65, 30, 15, 7, 80, 25), 0.77625)
((48, 62, 25, 77, 4, 17, 0, 45, 71, 40, 10, 26, 31, 29, 52, 90), 0.77625)
((70, 47, 53, 22, 37, 59, 32, 56, 65, 54, 76, 68), 0.7775)
((76, 33, 88, 9, 62, 69, 75, 36), 0.7775)
((2, 16, 17, 24, 55, 38, 63, 77, 31, 50, 86, 44), 0.7775)
((76, 45, 59, 12), 0.7775)
((75, 91, 35, 49, 46, 17, 60, 87), 0.7775)
((60, 17, 83, 12), 0.7775)
((13, 70, 43, 19, 86, 20, 65, 30, 15, 7, 80, 25), 0.7775)
((70, 24, 91, 40), 0.7775)
((46, 11, 3, 82), 0.7775)
((16, 72, 62, 51), 0.7775)
((56, 22, 24, 86), 0.7775)
((71, 22, 18, 63, 49, 29, 11, 67), 0.7775)
((42, 67, 23, 31, 84, 63, 88, 83, 77, 39, 8, 4), 0.77875)
((39, 45, 64, 0), 0.77875)
((50, 37, 36, 23, 85, 82, 84, 92, 83, 49, 41, 15), 0.77875)
((50, 19, 66, 76, 87, 49, 36, 20, 18, 75, 82, 70), 0.77875)
((81, 17, 74, 23), 0.77875)
((70, 62, 82, 80, 72, 22, 59, 86, 92, 38, 87, 35, 37, 73, 85, 50), 0.77875)
((38, 0, 79, 48, 37, 66, 50, 36), 0.77875)
((14, 50, 83, 12), 0.77875)
((11, 41, 32, 64), 0.77875)
((38, 44, 84, 87, 91, 48, 41, 17), 0.77875)
((52, 22, 4, 1, 62, 16, 31, 17, 0, 81, 57, 10), 0.77875)
((38, 44, 84, 87, 91, 48, 41, 17), 0.77875)
((6, 0, 20, 3), 0.77875)
((38, 44, 84, 87, 91, 48, 41, 17), 0.77875)
((51, 26, 36, 21, 3, 14, 31, 58, 79, 34, 82, 12), 0.77875)
((29, 53, 42, 12, 8, 24, 11, 88, 14, 25, 87, 50), 0.78)
((17, 89, 1, 36, 9, 72, 40, 8, 83, 45, 84, 80), 0.78)
((45, 22, 14, 63, 49, 82, 70, 5), 0.78)
((54, 57, 52, 18, 82, 2, 90, 70, 58, 49, 33, 83), 0.78)
((10, 44, 92, 50), 0.78)
((60, 0, 69, 66), 0.78)
((50, 33, 43, 71, 6, 88, 35, 32, 55, 82, 41, 49), 0.78)
((37, 43, 17, 51, 86, 40, 88, 84), 0.78)
((38, 91, 50, 22, 40, 49, 60, 89, 6, 85, 25, 48), 0.78)
((56, 25, 86, 62), 0.78)
((69, 85, 54, 53, 56, 0, 67, 5), 0.78)
((75, 19, 74, 28, 82, 17, 60, 48), 0.78)
((9, 73, 42, 86, 61, 33, 36, 54), 0.78)
((42, 67, 23, 31, 84, 63, 88, 83, 77, 39, 8, 4), 0.78125)
((86, 44, 84, 56, 91, 48, 74, 17), 0.78125)
((58, 43, 50, 13), 0.78125)
((32, 16, 36, 58), 0.78125)
((0, 72, 62, 11, 37, 32, 7, 36, 9, 25, 89, 38), 0.78125)
((41, 46, 84, 24, 27, 8, 86, 1, 85, 82, 63, 18), 0.78125)
((75, 36, 0, 41, 62, 22, 61, 58, 90, 2, 24, 35), 0.78125)
((41, 46, 84, 24, 27, 8, 86, 1, 85, 82, 63, 18), 0.78125)
((32, 25, 36, 54, 17, 80, 20, 73, 86, 21, 68, 58), 0.78125)
((77, 1, 37, 45), 0.78125)
((8, 30, 44, 50, 75, 83, 15, 92, 33, 3, 60, 84), 0.78125)
((75, 91, 35, 49, 46, 17, 60, 87), 0.78125)
((5, 69, 84, 56, 91, 3, 74, 48), 0.78125)
((52, 22, 4, 1, 62, 16, 31, 17, 0, 81, 57, 10), 0.78125)
((86, 44, 84, 56, 91, 48, 74, 17), 0.78125)
((50, 44, 83, 22, 90, 82, 84, 92, 36, 85, 41, 35), 0.78125)
((80, 32, 36, 23, 85, 82, 84, 92, 83, 61, 55, 15), 0.78125)
((10, 43, 62, 71), 0.78125)
((14, 21, 51, 76, 49, 31, 10, 59, 88, 13, 12, 91), 0.78125)
((75, 91, 35, 49, 46, 17, 60, 87), 0.78125)
((17, 88, 9, 59), 0.78125)
((37, 24, 8, 10), 0.78125)
((75, 91, 35, 49, 46, 17, 60, 87), 0.7825)
((67, 17, 32, 72), 0.7825)
((17, 85, 82, 46), 0.7825)
((5, 23, 27, 2, 1, 46, 41, 59, 53, 66, 50, 47), 0.7825)
((68, 25, 43, 56), 0.7825)
((2, 7, 51, 31), 0.7825)
((38, 55, 75, 39), 0.7825)
((16, 25, 70, 62), 0.7825)
((45, 70, 5, 71), 0.7825)
((75, 91, 35, 49, 46, 17, 60, 87), 0.7825)
((37, 81, 50, 80, 27, 26, 60, 68, 58, 85, 25, 33), 0.7825)
((74, 75, 9, 71), 0.7825)
((42, 67, 23, 31, 84, 63, 88, 83, 77, 39, 8, 4), 0.7825)
((16, 54, 44, 10, 46, 20, 7, 8, 73, 63, 50, 55), 0.7825)
((17, 57, 12, 83), 0.7825)
((41, 46, 84, 24, 27, 8, 86, 1, 85, 82, 63, 18), 0.7825)
((50, 85, 9, 70, 32, 44, 35, 60, 69, 76, 78, 49), 0.7825)
((50, 37, 36, 23, 85, 82, 84, 92, 83, 49, 41, 15), 0.7825)
((50, 37, 36, 23, 85, 82, 84, 92, 83, 49, 41, 15), 0.7825)
((50, 37, 36, 23, 85, 82, 84, 92, 83, 49, 41, 15), 0.7825)
((42, 16, 5, 72, 55, 84, 7, 35, 0, 9, 58, 65), 0.78375)
((79, 69, 37, 92), 0.78375)
((60, 55, 83, 62), 0.78375)
((67, 86, 32, 72), 0.78375)
((14, 71, 83, 68), 0.78375)
((10, 45, 70, 3), 0.78375)
((66, 89, 40, 75), 0.78375)
((50, 37, 74, 8, 72, 82, 17, 54, 20, 42, 83, 70), 0.78375)
((63, 0, 40, 75), 0.78375)
((70, 62, 82, 80, 72, 22, 59, 86, 92, 38, 87, 35, 37, 73, 85, 50), 0.78375)
((21, 12, 70, 52), 0.78375)
((81, 43, 7, 33), 0.78375)
((48, 90, 9, 92), 0.78375)
((7, 92, 51, 58), 0.78375)
((50, 37, 36, 23, 85, 82, 84, 92, 83, 49, 41, 15), 0.78375)
((29, 38, 36, 40, 32, 11, 35, 57, 6, 85, 76, 87), 0.78375)
((75, 36, 28, 84), 0.78375)
((75, 91, 35, 49, 46, 17, 60, 87), 0.78375)
((75, 37, 58, 51, 50, 82, 84, 2, 36, 59, 41, 35), 0.78375)
((66, 83, 19, 28), 0.78375)
((22, 77, 75, 14), 0.78375)
((10, 43, 62, 71), 0.78375)
((41, 19, 60, 70, 0, 55, 27, 4, 64, 28, 83, 69), 0.78375)
((28, 26, 58, 75), 0.78375)
((17, 57, 14, 83), 0.785)
((48, 92, 40, 52), 0.785)
((81, 83, 40, 2), 0.785)
((50, 51, 74, 80, 72, 0, 73, 54, 20, 42, 83, 58), 0.785)
((80, 32, 36, 39, 85, 82, 84, 92, 83, 61, 55, 15), 0.785)
((66, 89, 40, 75), 0.785)
((60, 90, 7, 66), 0.785)
((74, 89, 28, 1), 0.785)
((47, 8, 13, 43, 62, 50, 1, 12, 2, 41, 55, 24), 0.785)
((50, 33, 43, 71, 6, 88, 35, 32, 55, 82, 4, 46), 0.785)
((64, 67, 19, 47), 0.785)
((56, 25, 86, 62), 0.785)
((53, 91, 35, 64), 0.785)
((39, 11, 10, 60, 23, 33, 86, 26, 72, 36, 80, 12), 0.785)
((24, 43, 62, 64), 0.785)
((52, 46, 62, 28, 11, 16, 69, 56, 26, 35, 88, 10), 0.785)
((42, 40, 11, 62, 43, 1, 23, 44, 28, 79, 86, 76), 0.785)
((60, 55, 83, 62), 0.785)
((54, 8, 60, 43, 80, 40, 1, 12, 2, 61, 55, 24), 0.785)
((56, 25, 86, 62), 0.785)
((60, 71, 10, 65), 0.785)
((25, 88, 62, 73, 26, 33, 84, 29, 36, 87, 32, 35), 0.785)
((82, 38, 54, 60, 51, 50, 67, 10), 0.785)
((90, 36, 62, 82), 0.785)
((47, 59, 79, 10), 0.785)
((17, 57, 12, 83), 0.785)
((69, 12, 63, 67, 26, 19, 89, 88, 46, 21, 62, 91), 0.785)
((11, 45, 42, 43), 0.785)
((12, 81, 83, 85), 0.78625)
((39, 3, 83, 1, 21, 57, 61, 41, 50, 28, 14, 88), 0.78625)
((76, 41, 56, 86), 0.78625)
((90, 84, 85, 32), 0.78625)
((74, 18, 29, 43, 40, 58, 37, 52), 0.78625)
((56, 25, 86, 62), 0.78625)
((84, 80, 13, 25, 9, 50, 16, 72, 73, 20, 26, 64), 0.78625)
((42, 67, 23, 31, 11, 63, 88, 83, 77, 21, 8, 4), 0.78625)
((12, 67, 16, 89, 3, 88, 59, 9, 34, 76, 39, 75), 0.78625)
((60, 61, 38, 62), 0.78625)
((77, 53, 79, 82, 80, 39, 6, 88, 21, 25, 73, 13), 0.78625)
((66, 83, 40, 75), 0.78625)
((64, 34, 5, 10), 0.78625)
((65, 12, 45, 69, 63, 71, 56, 73, 47, 48, 50, 82), 0.78625)
((32, 51, 41, 89), 0.78625)
((75, 91, 35, 49, 46, 17, 60, 87), 0.78625)
((61, 44, 63, 67, 14, 9, 6, 81, 10, 77, 89, 17), 0.78625)
((54, 64, 87, 17, 77, 13, 75, 10, 43, 25, 50, 81), 0.78625)
((56, 19, 88, 74), 0.78625)
((60, 90, 69, 66), 0.78625)
((56, 25, 86, 62), 0.78625)
((42, 67, 23, 31, 84, 63, 88, 83, 77, 39, 8, 4), 0.78625)
((42, 16, 5, 72, 55, 84, 7, 35, 0, 9, 58, 65), 0.78625)
((16, 54, 88, 11, 67, 22, 7, 59, 9, 25, 50, 38), 0.78625)
((1, 24, 49, 75), 0.78625)
((51, 48, 81, 71, 6, 88, 56, 32, 29, 31, 13, 37), 0.7875)
((79, 69, 37, 10), 0.7875)
((89, 56, 8, 27, 14, 50, 21, 75, 71, 57, 25, 73), 0.7875)
((48, 92, 40, 52), 0.7875)
((37, 43, 17, 51, 86, 40, 88, 84), 0.7875)
((16, 4, 62, 51), 0.7875)
((18, 57, 23, 81, 58, 49, 76, 65, 59, 1, 3, 12), 0.7875)
((75, 91, 35, 49, 46, 17, 60, 87), 0.7875)
((45, 37, 11, 74, 84, 81, 50, 5, 73, 2, 23, 19), 0.7875)
((79, 73, 29, 61), 0.7875)
((77, 92, 11, 32), 0.7875)
((56, 25, 86, 62), 0.7875)
((19, 5, 75, 17), 0.7875)
((65, 12, 45, 69, 63, 24, 56, 73, 47, 48, 50, 82), 0.7875)
((80, 62, 44, 29, 12, 73, 72, 48, 38, 31, 25, 8), 0.7875)
((37, 43, 17, 51, 86, 40, 88, 84), 0.7875)
((66, 89, 40, 75), 0.7875)
((64, 67, 19, 47), 0.7875)
((41, 62, 19, 48, 37, 52, 88, 28, 38, 63, 36, 84), 0.7875)
((50, 37, 36, 23, 85, 82, 84, 92, 83, 49, 32, 15), 0.7875)
((19, 5, 75, 17), 0.7875)
((75, 91, 35, 49, 46, 17, 60, 87), 0.7875)
((50, 27, 3, 65), 0.7875)
((66, 89, 40, 75), 0.7875)
((78, 17, 28, 11, 68, 46, 57, 26, 4, 74, 41, 63), 0.7875)
((56, 25, 86, 62), 0.7875)
((65, 12, 45, 69, 63, 72, 56, 40, 47, 48, 50, 33), 0.7875)
((79, 69, 37, 10), 0.7875)
((75, 91, 35, 49, 46, 17, 60, 87), 0.7875)
((53, 22, 25, 17), 0.78875)
((69, 19, 29, 68, 85, 71, 8, 63, 55, 66, 57, 80), 0.78875)
((48, 34, 21, 32), 0.78875)
((5, 44, 84, 56, 91, 3, 74, 17), 0.78875)
((16, 4, 62, 51), 0.78875)
((50, 44, 83, 22, 90, 82, 84, 92, 36, 85, 41, 35), 0.78875)
((60, 90, 69, 66), 0.78875)
((68, 56, 69, 11), 0.78875)
((11, 17, 32, 64), 0.78875)
((75, 44, 87, 23, 34, 65, 72, 92, 24, 74, 8, 49), 0.78875)
((53, 58, 42, 39, 54, 17, 31, 61, 22, 70, 52, 63), 0.78875)
((2, 7, 28, 59, 83, 13, 54, 1, 41, 27, 12, 6), 0.78875)
((0, 41, 46, 50), 0.78875)
((66, 89, 40, 75), 0.78875)
((66, 77, 31, 12), 0.78875)
((50, 44, 83, 22, 90, 82, 84, 92, 36, 85, 41, 35), 0.78875)
((79, 69, 37, 92), 0.78875)
((86, 44, 84, 68, 91, 3, 11, 17), 0.78875)
((18, 60, 50, 64), 0.78875)
((73, 12, 77, 25, 63, 66, 4, 44, 64, 49, 0, 67), 0.78875)
((50, 37, 36, 23, 85, 82, 84, 92, 83, 49, 41, 15), 0.78875)
((82, 16, 31, 81), 0.78875)
((48, 80, 4, 87), 0.78875)
((60, 90, 7, 83), 0.78875)
((51, 66, 25, 86, 7, 78, 10, 20, 72, 60, 82, 0), 0.78875)
((65, 12, 45, 69, 63, 71, 56, 73, 47, 48, 50, 82), 0.78875)
((67, 22, 82, 79, 87, 50, 21, 69, 18, 10, 57, 81), 0.78875)
((48, 92, 40, 52), 0.78875)
((42, 25, 47, 31, 90, 21, 72, 89, 59, 55, 23, 4), 0.78875)
((13, 16, 40, 17), 0.78875)
((87, 52, 75, 55), 0.78875)
((66, 89, 40, 75), 0.78875)
((5, 21, 52, 37, 1, 46, 18, 59, 8, 66, 50, 47), 0.78875)
((25, 36, 45, 61), 0.78875)
((77, 9, 40, 50), 0.79)
((91, 34, 33, 47, 12, 17, 49, 69, 44, 83, 0, 24), 0.79)
((3, 4, 52, 43), 0.79)
((56, 11, 64, 6, 32, 70, 37, 55, 34, 10, 81, 59), 0.79)
((16, 4, 62, 51), 0.79)
((16, 54, 88, 11, 67, 22, 7, 59, 9, 25, 50, 38), 0.79)
((29, 79, 65, 41), 0.79)
((41, 34, 13, 1), 0.79)
((66, 89, 40, 75), 0.79)
((4, 71, 16, 1), 0.79)
((34, 19, 36, 76, 87, 75, 84, 20, 63, 49, 82, 70), 0.79)
((19, 84, 58, 81, 26, 2, 47, 1, 79, 7, 20, 82), 0.79)
((37, 70, 9, 34), 0.79)
((60, 55, 83, 62), 0.79)
((39, 67, 13, 87), 0.79)
((65, 25, 28, 61, 88, 46, 74, 50, 11, 67, 19, 70), 0.79)
((46, 16, 29, 57, 69, 36, 63, 43, 8, 64, 76, 2), 0.79)
((66, 89, 40, 75), 0.79)
((21, 4, 3, 35, 51, 60, 6, 79, 34, 37, 84, 17), 0.79)
((56, 25, 86, 62), 0.79)
((56, 25, 86, 62), 0.79)
((13, 50, 1, 48), 0.79)
((28, 80, 91, 56, 36, 52, 20, 34, 66, 3, 58, 31), 0.79)
((90, 39, 62, 82), 0.79)
((8, 76, 22, 39, 54, 34, 61, 53, 64, 27, 59, 43), 0.79)
((83, 43, 77, 10, 23, 82, 45, 71, 8, 11, 20, 61), 0.79125)
((86, 44, 84, 56, 91, 48, 74, 17), 0.79125)
((79, 69, 37, 92), 0.79125)
((51, 92, 60, 45, 12, 17, 0, 21, 14, 39, 31, 8), 0.79125)
((14, 21, 51, 71, 49, 31, 56, 59, 88, 13, 12, 91), 0.79125)
((36, 0, 65, 59, 88, 40, 38, 12, 25, 49, 24, 11), 0.79125)
((37, 81, 25, 4), 0.79125)
((85, 29, 14, 24), 0.79125)
((2, 33, 8, 52), 0.79125)
((75, 91, 35, 49, 46, 17, 60, 87), 0.79125)
((14, 47, 59, 92, 2, 17, 68, 5, 80, 40, 74, 32), 0.79125)
((66, 89, 40, 75), 0.79125)
((41, 34, 13, 9), 0.79125)
((15, 50, 81, 30, 27, 83, 84, 72, 91, 43, 34, 35), 0.79125)
((86, 38, 45, 56, 91, 48, 74, 88), 0.79125)
((65, 14, 92, 69, 63, 71, 56, 81, 47, 48, 50, 82), 0.79125)
((49, 59, 40, 4, 3, 47, 63, 38, 72, 68, 86, 44), 0.79125)
((77, 53, 79, 82, 80, 39, 6, 88, 21, 25, 73, 13), 0.79125)
((25, 24, 83, 8, 45, 58, 0, 17, 71, 60, 86, 64), 0.79125)
((50, 53, 84, 82, 80, 63, 66, 77, 49, 18, 27, 70), 0.79125)
((56, 25, 86, 62), 0.79125)
((41, 34, 13, 1), 0.79125)
((23, 69, 49, 37), 0.79125)
((50, 53, 84, 52, 80, 63, 66, 77, 49, 18, 27, 70), 0.79125)
((80, 90, 69, 82), 0.7925)
((58, 77, 42, 68), 0.7925)
((42, 45, 23, 31, 11, 63, 88, 83, 77, 21, 8, 4), 0.7925)
((65, 12, 45, 69, 85, 71, 80, 23, 47, 17, 50, 82), 0.7925)
((44, 33, 23, 81, 51, 14, 71, 9), 0.7925)
((75, 91, 35, 49, 46, 17, 60, 87), 0.7925)
((11, 17, 61, 64), 0.7925)
((56, 25, 86, 62), 0.7925)
((76, 49, 7, 33, 34, 91, 17, 80, 55, 66, 41, 14), 0.7925)
((8, 76, 22, 39, 54, 34, 61, 53, 64, 27, 59, 43), 0.7925)
((75, 91, 35, 49, 46, 17, 60, 87), 0.7925)
((54, 8, 60, 43, 80, 40, 1, 12, 2, 61, 55, 24), 0.7925)
((60, 55, 83, 62), 0.7925)
((34, 28, 31, 56), 0.7925)
((75, 43, 58, 51, 61, 82, 84, 2, 36, 40, 41, 35), 0.7925)
((34, 19, 36, 24, 87, 75, 84, 20, 63, 49, 82, 70), 0.7925)
((77, 87, 28, 81, 37, 8, 32, 89, 11, 83, 80, 35), 0.7925)
((19, 70, 28, 37, 76, 25, 50, 80, 40, 75, 56, 27), 0.7925)
((86, 44, 84, 56, 91, 48, 74, 17), 0.7925)
((75, 91, 35, 49, 46, 17, 60, 87), 0.7925)
((65, 12, 45, 69, 63, 72, 56, 73, 47, 48, 50, 82), 0.7925)
((86, 44, 84, 56, 91, 48, 74, 17), 0.7925)
((38, 29, 85, 11), 0.7925)
((31, 6, 75, 49), 0.7925)
((70, 72, 68, 21), 0.7925)
((90, 24, 49, 75), 0.7925)
((66, 89, 40, 75), 0.7925)
((66, 89, 40, 75), 0.7925)
((66, 89, 40, 75), 0.7925)
((43, 10, 40, 20), 0.7925)
((25, 56, 45, 79), 0.79375)
((92, 37, 89, 51), 0.79375)
((8, 76, 77, 49, 10, 7, 4, 65, 64, 57, 47, 75), 0.79375)
((91, 12, 45, 23, 63, 72, 56, 36, 47, 28, 50, 31), 0.79375)
((80, 56, 53, 21, 12, 69, 71, 38, 76, 68, 57, 82), 0.79375)
((8, 76, 77, 49, 10, 7, 4, 65, 64, 57, 47, 75), 0.79375)
((14, 59, 36, 43, 73, 32, 4, 72, 67, 11, 26, 82), 0.79375)
((47, 4, 86, 12), 0.79375)
((42, 67, 23, 31, 84, 63, 81, 83, 77, 39, 8, 4), 0.79375)
((82, 60, 36, 67), 0.79375)
((4, 66, 49, 38, 33, 17, 21, 11, 43, 45, 22, 87), 0.79375)
((54, 59, 13, 4, 80, 56, 42, 12, 87, 61, 38, 0), 0.79375)
((80, 62, 44, 29, 37, 50, 23, 68, 38, 31, 25, 33), 0.79375)
((80, 62, 44, 29, 37, 50, 23, 68, 38, 31, 25, 33), 0.79375)
((90, 24, 49, 75), 0.79375)
((84, 44, 83, 22, 90, 61, 50, 85, 70, 2, 47, 35), 0.79375)
((75, 91, 35, 49, 46, 17, 60, 87), 0.79375)
((11, 17, 32, 64), 0.79375)
((77, 53, 79, 82, 80, 39, 6, 88, 21, 25, 73, 13), 0.79375)
((79, 69, 37, 10), 0.79375)
((42, 67, 23, 31, 11, 63, 88, 83, 77, 21, 8, 4), 0.79375)
((92, 28, 82, 79, 43, 39, 21, 20, 6, 63, 29, 47), 0.79375)
((45, 18, 80, 92), 0.79375)
((90, 86, 62, 82), 0.79375)
((50, 44, 83, 22, 90, 82, 84, 92, 36, 85, 41, 35), 0.79375)
((1, 2, 63, 23, 68, 91, 17, 42, 55, 77, 43, 58), 0.795)
((49, 59, 40, 4, 3, 47, 63, 38, 72, 68, 86, 44), 0.795)
((47, 4, 86, 12), 0.795)
((72, 40, 2, 77, 67, 91, 17, 80, 55, 66, 29, 14), 0.795)
((66, 83, 19, 28), 0.795)
((65, 12, 45, 69, 24, 71, 56, 73, 47, 48, 50, 25), 0.795)
((79, 88, 10, 13, 37, 54, 20, 1, 26, 92, 51, 40), 0.795)
((72, 40, 2, 77, 67, 91, 17, 80, 55, 66, 29, 14), 0.795)
((65, 12, 45, 69, 63, 71, 56, 73, 47, 48, 50, 82), 0.795)
((11, 17, 32, 64), 0.795)
((42, 40, 7, 77, 67, 91, 17, 80, 55, 66, 29, 14), 0.795)
((58, 71, 65, 54, 16, 34, 0, 84, 23, 13, 37, 31), 0.795)
((22, 44, 80, 52), 0.795)
((66, 33, 5, 69), 0.795)
((56, 25, 86, 62), 0.795)
((10, 43, 62, 71), 0.795)
((50, 44, 83, 22, 90, 82, 84, 92, 36, 85, 41, 35), 0.795)
((79, 69, 37, 10), 0.795)
((86, 44, 84, 56, 91, 48, 74, 17), 0.795)
((66, 89, 40, 75), 0.795)
((22, 33, 57, 83), 0.795)
((74, 18, 29, 43, 40, 58, 37, 52), 0.795)
((75, 43, 58, 51, 82, 61, 50, 85, 70, 2, 47, 35), 0.795)
((4, 86, 9, 51), 0.795)
((69, 5, 41, 11), 0.795)
((58, 43, 50, 13), 0.79625)
((66, 89, 40, 75), 0.79625)
((59, 51, 61, 69), 0.79625)
((18, 60, 50, 64), 0.79625)
((79, 69, 37, 10), 0.79625)
((16, 54, 88, 11, 67, 22, 7, 59, 9, 25, 50, 38), 0.79625)
((66, 89, 40, 75), 0.79625)
((64, 67, 19, 47), 0.79625)
((48, 92, 40, 52), 0.79625)
((66, 89, 40, 75), 0.79625)
((65, 12, 45, 69, 63, 71, 56, 73, 47, 48, 50, 82), 0.79625)
((16, 54, 88, 11, 67, 22, 7, 59, 9, 25, 50, 38), 0.79625)
((14, 47, 59, 92, 2, 17, 73, 5, 80, 40, 74, 32), 0.79625)
((42, 67, 23, 31, 84, 63, 88, 83, 77, 39, 8, 4), 0.79625)
((64, 69, 48, 53), 0.79625)
((66, 89, 40, 75), 0.79625)
((49, 59, 40, 4, 3, 47, 63, 38, 72, 68, 86, 44), 0.79625)
((14, 47, 59, 92, 2, 17, 68, 5, 80, 40, 74, 32), 0.79625)
((66, 89, 40, 75), 0.79625)
((66, 89, 40, 75), 0.79625)
((41, 46, 84, 24, 27, 8, 86, 1, 85, 82, 63, 18), 0.79625)
((40, 55, 65, 85, 34, 32, 57, 11, 18, 20, 22, 31), 0.79625)
((47, 4, 86, 45), 0.79625)
((92, 28, 82, 79, 43, 39, 21, 20, 6, 63, 29, 47), 0.79625)
((58, 43, 50, 13), 0.79625)
((47, 68, 8, 57, 80, 39, 6, 52, 21, 25, 73, 13), 0.79625)
((12, 5, 22, 63, 36, 31, 87, 40, 48, 24, 39, 89), 0.79625)
((79, 55, 61, 70), 0.7975)
((48, 34, 49, 52), 0.7975)
((56, 25, 86, 62), 0.7975)
((65, 12, 45, 69, 63, 71, 56, 73, 47, 48, 50, 82), 0.7975)
((67, 55, 65, 85, 88, 53, 57, 11, 70, 39, 22, 31), 0.7975)
((66, 89, 40, 75), 0.7975)
((65, 12, 45, 69, 63, 24, 56, 73, 47, 48, 50, 82), 0.7975)
((79, 69, 37, 10), 0.7975)
((3, 4, 52, 43), 0.7975)
((16, 54, 88, 11, 67, 22, 7, 59, 9, 25, 50, 38), 0.7975)
((8, 76, 77, 49, 10, 7, 4, 65, 64, 57, 47, 75), 0.7975)
((90, 25, 4, 75), 0.7975)
((85, 46, 86, 31), 0.7975)
((17, 57, 12, 83), 0.7975)
((86, 44, 84, 56, 91, 48, 74, 17), 0.7975)
((77, 28, 89, 71), 0.7975)
((42, 40, 2, 77, 25, 91, 17, 80, 55, 66, 29, 14), 0.79875)
((0, 72, 62, 11, 37, 32, 7, 36, 9, 25, 89, 38), 0.79875)
((16, 54, 88, 11, 67, 22, 7, 59, 9, 25, 50, 38), 0.79875)
((14, 25, 80, 53), 0.79875)
((5, 19, 49, 18, 52, 33, 47, 37, 61, 59, 60, 69), 0.79875)
((65, 25, 28, 61, 88, 46, 74, 50, 11, 67, 19, 91), 0.79875)
((65, 12, 45, 69, 63, 71, 56, 73, 47, 48, 50, 82), 0.79875)
((75, 91, 35, 49, 46, 88, 60, 50), 0.79875)
((34, 19, 36, 76, 87, 75, 84, 20, 63, 49, 82, 70), 0.79875)
((16, 4, 62, 51), 0.79875)
((44, 77, 17, 62), 0.79875)
((79, 69, 37, 10), 0.79875)
((84, 44, 83, 32, 34, 33, 50, 7, 63, 87, 8, 35), 0.79875)
((65, 12, 45, 69, 63, 71, 56, 73, 47, 48, 50, 82), 0.79875)
((28, 21, 35, 70, 41, 81, 91, 59, 19, 57, 68, 82), 0.79875)
((56, 23, 2, 1), 0.79875)
((36, 0, 65, 59, 88, 40, 38, 12, 25, 49, 24, 11), 0.79875)
((71, 56, 48, 89, 47, 50, 88, 81, 27, 49, 40, 68), 0.79875)
((75, 43, 58, 51, 61, 82, 84, 2, 36, 40, 41, 35), 0.79875)
((86, 69, 84, 68, 91, 3, 11, 48), 0.79875)
((65, 12, 45, 69, 24, 71, 56, 73, 47, 48, 50, 82), 0.8)
((65, 12, 45, 69, 63, 71, 56, 73, 47, 48, 50, 82), 0.8)
((42, 40, 2, 77, 67, 91, 17, 80, 55, 66, 29, 14), 0.8)
((79, 55, 59, 36), 0.8)
((66, 89, 40, 75), 0.8)
((28, 80, 91, 56, 39, 52, 20, 34, 66, 3, 58, 31), 0.8)
((49, 59, 40, 4, 3, 47, 63, 38, 72, 68, 86, 44), 0.8)
((89, 12, 45, 69, 63, 71, 56, 73, 47, 48, 50, 82), 0.8)
((34, 5, 48, 84, 3, 2, 73, 27, 83, 49, 88, 47), 0.8)
((8, 18, 6, 75), 0.8)
((38, 44, 84, 87, 91, 48, 41, 17), 0.8)
((59, 39, 76, 11, 63, 71, 55, 56, 68, 4, 33, 52), 0.80125)
((60, 57, 40, 4, 58, 91, 92, 47, 79, 84, 41, 63), 0.80125)
((50, 44, 83, 22, 90, 82, 84, 92, 36, 85, 41, 35), 0.80125)
((56, 38, 86, 62), 0.80125)
((32, 57, 76, 17, 46, 48, 39, 9), 0.80125)
((79, 73, 29, 61), 0.80125)
((48, 34, 49, 52), 0.80125)
((89, 36, 51, 45, 69, 13, 1, 73, 84, 32, 50, 59), 0.80125)
((38, 44, 84, 87, 91, 48, 41, 17), 0.80125)
((65, 12, 45, 69, 63, 71, 56, 73, 47, 48, 50, 82), 0.80125)
((32, 57, 76, 17, 46, 48, 39, 69), 0.80125)
((40, 55, 65, 85, 34, 32, 57, 11, 18, 20, 22, 31), 0.80125)
((66, 89, 40, 75), 0.80125)
((16, 54, 88, 11, 67, 22, 7, 59, 9, 25, 50, 38), 0.80125)
((89, 12, 45, 69, 63, 71, 56, 73, 47, 48, 50, 82), 0.80125)
((16, 72, 84, 87, 27, 45, 48, 70, 19, 37, 36, 32), 0.8025)
((56, 25, 86, 62), 0.8025)
((65, 12, 45, 69, 63, 71, 56, 73, 47, 48, 50, 82), 0.8025)
((49, 59, 40, 4, 3, 47, 63, 38, 72, 68, 86, 44), 0.8025)
((66, 89, 40, 75), 0.80375)
((75, 4, 74, 54, 61, 16, 0, 84, 90, 32, 89, 72), 0.80375)
((81, 39, 80, 44, 3, 69, 83, 28), 0.80375)
((5, 19, 13, 18, 0, 55, 47, 4, 61, 59, 83, 69), 0.80375)
((50, 44, 83, 22, 90, 82, 84, 92, 36, 85, 41, 35), 0.80375)
((65, 12, 45, 69, 63, 71, 56, 73, 47, 48, 50, 82), 0.80375)
((44, 33, 23, 81, 51, 14, 71, 9), 0.805)
((56, 25, 86, 62), 0.805)
((65, 12, 45, 69, 63, 71, 56, 73, 47, 48, 50, 82), 0.805)
((80, 44, 19, 16, 60, 27, 84, 20, 17, 9, 37, 23), 0.80625)
((4, 72, 58, 11, 79, 89, 7, 57, 9, 25, 32, 38), 0.80625)
((66, 44, 56, 72, 8, 59, 7, 53, 55, 25, 49, 51), 0.80625)
((11, 17, 32, 65), 0.8075)
((50, 33, 43, 71, 6, 88, 35, 32, 55, 82, 41, 49), 0.80875)
((38, 39, 79, 48, 37, 9, 11, 43), 0.80875)
((69, 28, 9, 82), 0.80875)
((56, 25, 86, 62), 0.80875)
((79, 55, 65, 85, 34, 32, 57, 11, 18, 20, 22, 31), 0.81)
((56, 25, 86, 62), 0.81)
((50, 44, 83, 22, 90, 82, 84, 92, 36, 85, 41, 35), 0.8125)
((34, 32, 46, 74), 0.815)
((56, 38, 86, 62), 0.815)
