avg:
((86, 62, 90, 88, 68, 66, 32, 60, 84), 0.7965625000000001)
((68, 88, 16, 54, 32, 80, 86, 60, 66, 82, 84, 4, 28, 48, 87), 0.7965625000000001)
((82, 84, 48, 36, 16, 68, 28, 18, 32, 80, 88, 4, 86, 66, 87), 0.796875)
((82, 84, 48, 36, 16, 68, 28, 18, 32, 80, 88, 4, 86, 66, 87), 0.7971875)
((90, 8, 91, 28, 83, 82), 0.7978125)
((56, 8, 91, 89, 48, 62, 32, 36, 66, 4, 28, 84, 82), 0.798125)
((90, 8, 91, 28, 88, 82), 0.7996875000000001)
((82, 84, 48, 36, 16, 68, 28, 18, 32, 80, 88, 4, 86, 66, 87), 0.800625)
((86, 62, 90, 88, 68, 66, 32, 60, 84), 0.80125)
((82, 84, 48, 36, 16, 68, 28, 18, 32, 80, 88, 4, 86, 66, 87), 0.8015625)
best:
((86, 62, 90, 88, 68, 66, 32, 60, 84), 0.80125)
((82, 84, 48, 36, 16, 68, 28, 18, 32, 80, 88, 4, 86, 66, 87), 0.80125)
((86, 62, 90, 88, 68, 66, 32, 60, 84), 0.80125)
((36, 28, 87, 8, 66, 72, 84, 4, 90), 0.8025)
((90, 8, 91, 28, 88, 82), 0.8025)
((91, 87, 40, 32, 50, 88, 4, 80, 54, 18, 62), 0.80375)
((82, 84, 48, 36, 16, 68, 28, 18, 32, 80, 88, 4, 86, 66, 87), 0.80375)
((82, 84, 48, 36, 16, 68, 28, 18, 32, 80, 88, 4, 86, 66, 87), 0.80375)
((82, 84, 48, 36, 16, 68, 28, 18, 32, 80, 88, 4, 86, 66, 87), 0.80875)
((86, 62, 90, 88, 68, 66, 32, 60, 84), 0.81)
last:
((82, 84, 48, 36, 16, 68, 28, 18, 32, 80, 88, 4, 86, 66, 87), 0.79875)
((90, 8, 91, 28, 88, 82), 0.79875)
((56, 8, 91, 89, 48, 62, 32, 36, 66, 4, 28, 84, 82), 0.8)
((88, 60, 28, 68, 54, 90), 0.8)
((86, 62, 90, 88, 68, 66, 32, 60, 84), 0.80125)
((82, 84, 48, 36, 16, 68, 28, 18, 32, 80, 88, 4, 86, 66, 87), 0.80125)
((82, 84, 48, 36, 16, 68, 28, 18, 32, 80, 88, 4, 86, 66, 87), 0.80125)
((86, 62, 90, 88, 68, 66, 32, 60, 84), 0.80125)
((91, 87, 40, 32, 50, 88, 4, 80, 54, 18, 62), 0.80375)
((82, 84, 48, 36, 16, 68, 28, 18, 32, 80, 88, 4, 86, 66, 87), 0.80875)
all by best:
((82, 16, 4, 86, 36, 34), 0.48875)
((86, 72, 56, 90, 54, 50, 34, 18, 66, 62, 12, 8, 16, 83, 48, 88, 87, 60), 0.50375)
((60, 54, 36, 82, 84, 68, 34, 83, 48, 8, 87, 80, 88), 0.5125)
((60, 40, 36, 82, 84, 68, 34, 80, 48, 86, 87, 83, 16, 12, 72, 8, 91, 54), 0.5125)
((68, 91, 86, 72, 82, 60, 34, 18, 89, 36, 80, 16, 88, 84, 48, 54), 0.5225)
((72, 32, 84, 12, 8, 83, 34, 40, 88, 89, 16, 54, 36, 60, 48, 56, 28, 82), 0.5325)
((72, 32, 84, 12, 68, 83, 34, 40, 88, 89, 16, 54, 36, 60, 48, 56, 28), 0.53375)
((80, 91, 4, 32, 68), 0.54)
((83, 8, 87, 36, 89, 82, 48, 16, 40, 56, 28), 0.5425)
((83, 68, 87, 36, 89, 82, 48, 16, 40, 56, 28), 0.55)
((18, 80, 48, 32, 56, 28, 4, 84, 36, 66, 83, 16, 88, 40, 62, 54), 0.55125)
((88, 90, 4, 87, 28), 0.55875)
((36, 86, 87, 16, 12, 82, 40, 34, 68, 54, 90, 91, 18), 0.55875)
((82, 89, 84, 86, 68, 48, 72, 88, 83, 4, 91, 8, 66, 34, 60, 32, 56, 80), 0.56375)
((82, 32, 12, 72, 56, 66, 4, 84, 36, 91, 83, 16, 88), 0.5675)
((56, 83, 90, 28, 91, 88, 50, 36, 34, 87, 82, 8, 18, 48, 86), 0.56875)
((16, 83, 4, 32, 84), 0.5725)
((82, 32, 12, 72, 84, 91, 48, 56, 36, 28, 80, 18, 62, 90, 87), 0.57375)
((83, 68, 87, 36, 89, 82, 48, 16, 40, 56, 28), 0.57625)
((16, 83, 4, 32, 84), 0.5975)
((16, 83, 4, 32, 84), 0.60375)
((50, 89, 28, 60, 4, 68, 80, 34, 40), 0.62125)
((32, 87, 80, 18, 12, 82, 48, 66), 0.63875)
((16, 83, 4, 32, 84), 0.65)
((16, 83, 87, 18, 54, 68, 60), 0.65)
((16, 83, 62, 32, 89, 91, 40, 56, 54, 28, 66, 18, 87), 0.65125)
((16, 83, 4, 32, 84), 0.68)
((16, 83, 87, 18, 36, 4, 50, 12, 91, 28, 80, 84, 90, 48, 88, 54, 34), 0.6875)
((82, 56, 60, 80, 34, 4, 28, 90, 68, 40, 18, 72), 0.68875)
((16, 83, 87, 18, 54, 68, 60), 0.69375)
((60, 16, 56, 86, 28, 82, 18, 4, 91, 80, 89, 32, 87, 12, 34, 54), 0.7075)
((34, 50, 87, 28, 16, 36, 89, 40, 4, 62, 68), 0.71625)
((82, 12, 32, 91, 56, 89, 40, 68, 60, 50, 48, 34, 18, 87, 66, 88), 0.72)
((40, 83, 88, 48, 54), 0.72625)
((40, 84, 4, 86, 82, 91, 90, 56, 8, 80, 16, 28, 32), 0.7275)
((40, 83, 88, 48, 54), 0.7275)
((16, 83, 4, 32, 84), 0.73125)
((48, 66, 34, 36, 18, 91, 62, 82, 83, 8, 89, 12, 54, 80, 56), 0.73375)
((40, 88, 54, 68, 12, 66, 80), 0.74125)
((16, 83, 91, 18, 36), 0.74125)
((40, 83, 88, 48, 54), 0.74125)
((40, 84, 72, 36, 88, 4, 62, 82, 66, 8, 90), 0.74625)
((48, 60, 18, 83, 34, 72), 0.7475)
((66, 4, 89, 60, 88, 28, 82, 68, 80, 86, 32, 54, 40, 56, 72), 0.75)
((56, 28, 86, 16, 18, 32, 87, 72, 60, 8, 62, 66), 0.75125)
((40, 83, 88, 48, 54, 72, 18, 36, 62), 0.75375)
((16, 83, 91, 18, 36), 0.755)
((68, 83, 91, 48, 56, 72, 18, 36, 84, 28, 80, 32, 4, 90, 88, 54), 0.755)
((62, 83, 91, 18, 36, 82, 48, 56, 84, 28, 80), 0.75625)
((48, 82, 32, 66, 80, 91, 87, 54, 56, 18, 62), 0.7575)
((91, 87, 40, 32, 50, 88, 4, 80, 54, 18, 62), 0.75875)
((40, 83, 91, 48, 56, 72, 18, 36, 84, 28, 80), 0.76)
((16, 83, 4, 32, 84, 91, 50, 12, 87, 28, 80, 36, 90, 48, 88, 54, 34), 0.76375)
((90, 83, 88, 18, 36), 0.76375)
((56, 72, 16, 60, 87, 90, 80, 89, 86, 48), 0.76375)
((34, 60, 28, 32, 88, 8, 89, 40, 87, 62, 82, 48), 0.76375)
((91, 87, 40, 32, 50, 88, 4, 80, 54, 18, 62), 0.76625)
((34, 8, 90, 83, 72, 32, 89, 16, 88, 80, 50), 0.76625)
((88, 80, 90, 54, 32, 68, 28, 82, 89, 16), 0.76625)
((16, 83, 91, 18, 36), 0.76625)
((62, 83, 91, 18, 36, 82, 48, 56, 84, 28, 80), 0.76625)
((36, 86, 40, 32, 48, 80, 89, 54, 82, 18, 62, 72, 56, 68, 66), 0.76625)
((8, 56, 82, 68, 18, 89, 50, 80, 32, 28, 88), 0.76625)
((91, 87, 40, 32, 50, 88, 4, 80, 54, 18, 62), 0.76625)
((68, 12, 66, 34, 91), 0.76625)
((50, 68, 40, 87, 72, 56, 62), 0.7675)
((83, 18, 8, 34, 54, 86, 88, 60, 82, 90, 50, 56, 36, 91, 68, 40), 0.76875)
((86, 8, 87, 66, 83, 88, 68, 32, 16, 89, 4, 54, 90, 80, 91), 0.77125)
((40, 84, 54, 36, 32, 62, 91, 88, 87, 16, 66, 60, 12, 56, 34), 0.77125)
((62, 32, 90, 91, 84, 87, 72, 60, 28, 50, 56, 48, 82), 0.77125)
((80, 66, 83, 40, 18), 0.7725)
((56, 60, 91, 72, 89, 80, 82, 16, 68, 18, 87, 40), 0.7725)
((16, 83, 50, 72, 40, 86, 8, 56, 34, 32, 68, 87, 36, 62, 28), 0.77375)
((66, 8, 28, 82, 89, 68, 34, 60, 56, 36, 72, 4, 90, 48, 83, 18, 91), 0.77375)
((87, 18, 72, 32, 83, 48, 50, 34, 84, 90, 91, 68, 60), 0.77375)
((80, 89, 87, 83, 68, 4), 0.775)
((68, 16, 32, 40, 62, 36, 50, 60, 28, 91, 80, 86, 56), 0.775)
((50, 54, 8, 60, 28, 89, 86, 90, 82, 12), 0.775)
((66, 87, 84, 12, 89), 0.775)
((87, 72, 40, 50, 90, 48, 84, 88, 54, 62, 56, 12), 0.775)
((28, 87, 48, 68, 36, 4, 72, 60, 90, 34, 16, 56, 91, 40, 66, 84, 89), 0.775)
((86, 83, 72, 82, 16, 89, 40, 54, 50, 28, 56, 68, 36, 91, 34, 84), 0.775)
((62, 87, 68, 56, 80, 86, 18, 16, 72), 0.77625)
((48, 32, 62, 89, 56, 4, 18), 0.77625)
((62, 91, 16, 56, 86, 54, 60, 28), 0.77625)
((48, 28, 83, 91, 50, 36, 72, 16, 54, 87, 56, 32, 12), 0.77625)
((84, 54, 18, 86, 56, 87, 8, 91, 66, 72, 68, 34, 28, 40, 90, 82), 0.77625)
((62, 60, 83, 82, 86, 56, 87, 48, 28, 91, 68, 72, 12), 0.7775)
((12, 66, 18, 84, 28, 89, 68, 8, 32, 80, 4), 0.7775)
((90, 12, 88, 32, 84, 56, 8, 87, 60, 18, 89, 34, 62, 68, 72), 0.7775)
((32, 60, 83, 80, 72, 66, 16, 36, 50, 89, 54, 84, 90), 0.7775)
((36, 68, 40, 32, 48, 80, 89), 0.7775)
((12, 80, 91, 84, 68, 86, 36, 89, 90, 18, 62, 88, 8, 32, 4), 0.77875)
((68, 34, 40, 90, 84, 48, 16, 80, 28, 54, 18, 36, 62, 88, 72), 0.77875)
((88, 60, 28, 68, 54, 90), 0.77875)
((84, 12, 18, 54, 48, 80, 34, 89, 91, 32), 0.77875)
((50, 4, 32, 8, 80, 91, 87, 54, 88), 0.77875)
((50, 4, 32, 8, 80, 91, 87, 54, 88), 0.78)
((72, 12, 56, 34, 82, 83, 50, 36, 90, 62, 68, 8, 89, 91, 54, 66, 18), 0.78)
((91, 32, 83, 48, 72, 40, 62, 28, 88, 34, 4, 36, 84, 50, 66, 68), 0.78)
((88, 83, 60, 34, 91, 40, 32, 48, 12, 36, 80, 82, 72, 90), 0.78)
((83, 54, 34, 72, 18, 28, 4, 56, 50, 62, 88, 36, 84, 40, 16), 0.78)
((88, 84, 72, 82, 50, 91, 12, 34, 28, 68, 8, 16, 86, 87, 66), 0.78)
((80, 82, 50, 36, 28, 4, 91, 12, 60, 40, 72, 34, 54, 18, 56, 8, 89, 62), 0.78125)
((88, 60, 28, 68, 54, 90), 0.78125)
((88, 83, 87, 84, 56, 50, 72, 91, 40, 62, 12, 80, 4), 0.78125)
((54, 16, 90, 88, 40, 66, 86, 18, 36, 60, 56, 12, 34, 4, 8, 84, 89), 0.78125)
((36, 56, 28, 80, 60, 12), 0.7825)
((8, 72, 40, 86, 68, 91, 18, 48, 62, 82, 84, 4, 80, 28, 12, 88), 0.7825)
((54, 16, 86, 28, 18, 82, 72, 87, 48, 68, 66, 62), 0.78375)
((62, 50, 86, 84, 56, 40, 16, 32, 12, 54), 0.78375)
((91, 87, 40, 32, 50, 88, 4, 80, 54, 18, 62), 0.78375)
((88, 50, 18, 12, 32, 56, 34, 40, 84, 90, 48, 86, 66), 0.78375)
((88, 60, 28, 68, 54, 90), 0.78375)
((82, 80, 66, 84, 72, 68, 4, 50, 83, 89, 87, 90, 56, 18, 86), 0.78375)
((90, 8, 91, 28, 83, 82), 0.78375)
((16, 8, 86, 28, 34, 12, 66, 54, 68, 62, 60, 32), 0.785)
((12, 40, 48, 32, 86, 68, 72), 0.785)
((54, 16, 90, 86, 40, 66, 28, 48, 18, 84, 56, 12, 34, 4, 8, 36), 0.785)
((36, 89, 88, 50, 4, 82, 16), 0.785)
((88, 60, 28, 68, 54, 90), 0.785)
((86, 34, 62, 40, 12, 68, 83, 18, 72, 66, 4, 88, 36, 87, 50, 90, 91, 84), 0.785)
((84, 66, 62, 89, 8, 86, 68, 56, 72, 36, 4, 82, 91, 40, 50, 83, 88, 48), 0.785)
((87, 83, 66, 56, 18, 36), 0.78625)
((68, 91, 18, 80, 50, 48, 28, 56, 32, 72), 0.78625)
((91, 36, 82, 80, 48, 88, 90, 18), 0.78625)
((36, 80, 90, 50, 87, 68, 56, 82, 89), 0.78625)
((88, 60, 28, 68, 54, 90), 0.78625)
((8, 34, 91, 86, 88, 84, 60, 62, 12, 66, 56, 82, 72, 48, 80, 18, 4, 89), 0.78625)
((86, 84, 83, 50, 40, 56, 72), 0.7875)
((62, 32, 82, 91, 12, 87, 4, 60, 28, 86, 56), 0.7875)
((60, 66, 32, 83, 89, 54, 12, 84, 18, 87, 50, 48, 72, 68, 82, 36, 62, 4), 0.7875)
((80, 87, 50, 72, 54, 12, 16, 66, 82, 18, 8, 4, 34, 88, 28, 32), 0.7875)
((91, 87, 40, 32, 48), 0.7875)
((80, 28, 4, 62, 54), 0.78875)
((87, 18, 34, 88, 86, 68, 28, 83), 0.78875)
((88, 62, 90, 32, 68, 66, 72, 87, 60, 18, 56, 12, 34, 4, 8, 36, 89), 0.78875)
((88, 60, 28, 68, 54, 90), 0.78875)
((89, 88, 90, 48, 4), 0.78875)
((72, 60, 66, 32, 87, 90, 28, 12, 56, 91, 88, 83, 80, 68, 4, 18), 0.78875)
((80, 12, 86, 66, 4, 50, 83), 0.78875)
((86, 32, 90, 91, 84), 0.78875)
((88, 36, 54, 48, 4, 68), 0.78875)
((62, 68, 60, 83, 56, 36), 0.78875)
((88, 60, 28, 68, 54, 90), 0.78875)
((80, 16, 50, 66, 91, 48, 4, 89, 90), 0.78875)
((86, 60, 28, 50, 68, 12, 84), 0.78875)
((82, 18, 62, 28, 89, 84, 91, 12, 16, 40), 0.78875)
((60, 72, 32, 28, 18, 66, 80, 8, 62, 48, 50, 90), 0.78875)
((86, 56, 88, 90, 68, 54, 50, 83), 0.78875)
((18, 88, 34, 84, 56, 66, 48, 12, 54, 83), 0.78875)
((82, 16, 32, 60, 88, 54, 36, 86, 83, 62, 87, 66, 50, 48, 12, 72, 89), 0.78875)
((88, 18, 28, 68, 54, 90, 72, 84, 4), 0.79)
((88, 60, 28, 68, 54, 90), 0.79)
((36, 82, 28, 62, 83, 89), 0.79)
((36, 89, 88, 50, 16, 82, 4, 60, 28, 12, 56, 86, 91, 84, 8, 40, 32, 68), 0.79)
((4, 68, 87, 83, 50, 36, 40, 12, 86, 72, 56, 18, 54), 0.79)
((90, 50, 18, 12, 4, 60, 68, 40, 84), 0.79)
((72, 82, 48, 4, 16), 0.79)
((90, 8, 91, 28, 83, 82), 0.79125)
((83, 86, 91, 84, 36, 48, 12, 66, 40, 89, 56, 8), 0.79125)
((87, 80, 72, 48, 40, 8, 84, 66, 83, 56, 86, 62, 32, 90, 28, 50, 68), 0.79125)
((48, 66, 28, 54, 50, 91, 86, 12, 82, 34, 80, 88, 62, 60, 84), 0.79125)
((91, 87, 40, 32, 48), 0.79125)
((88, 60, 28, 68, 54, 90), 0.79125)
((28, 60, 48, 50, 40), 0.79125)
((86, 62, 90, 88, 68, 66, 32, 60, 84), 0.7925)
((86, 62, 90, 88, 68, 66, 32, 60, 84), 0.7925)
((34, 54, 18, 40, 88, 12, 66, 56, 82, 91, 48, 83, 89, 68), 0.7925)
((83, 87, 16, 72, 32, 88, 54, 34, 36, 80, 68, 8, 48), 0.7925)
((66, 80, 4, 18, 68, 48, 36, 54, 12), 0.7925)
((86, 62, 90, 88, 68, 66, 32, 60, 84, 48, 56, 12, 34, 4, 16), 0.7925)
((90, 50, 18, 12, 4, 60, 68, 40, 84, 80, 66, 86, 83, 16), 0.7925)
((32, 36, 88, 72, 86, 62, 56, 84, 50, 60, 28, 40, 66, 34, 4, 8), 0.7925)
((54, 16, 90, 86, 68, 66, 32, 18, 36, 60, 56, 12, 34, 4, 8, 84, 89), 0.79375)
((88, 60, 28, 68, 54, 90), 0.79375)
((88, 4, 40, 32, 80, 50, 87, 54, 91, 18, 62), 0.79375)
((86, 62, 90, 88, 68, 66, 32, 60, 84), 0.79375)
((82, 84, 48, 36, 56), 0.79375)
((90, 50, 18, 12, 4, 60, 68, 40, 84), 0.79375)
((90, 50, 18, 12, 4, 60, 68, 40, 84), 0.79375)
((90, 8, 91, 28, 83, 82), 0.79375)
((86, 62, 90, 88, 68, 66, 32, 60, 84), 0.79375)
((68, 4, 82, 18, 50, 84), 0.79375)
((28, 60, 48, 50, 40, 56, 86, 12, 82, 90), 0.795)
((68, 88, 66, 54, 32, 80, 86, 60, 48), 0.795)
((86, 62, 90, 88, 68, 66, 32, 60, 84), 0.795)
((86, 62, 90, 88, 68, 66, 32, 60, 84), 0.795)
((80, 84, 48, 36, 66, 82, 28, 18, 16), 0.795)
((56, 8, 91, 89, 48, 62, 32, 36, 66, 4, 28, 84, 82), 0.795)
((8, 4, 16, 54, 87, 66, 91, 86, 82, 68), 0.795)
((86, 62, 90, 88, 68, 66, 32, 60, 84), 0.795)
((87, 16, 89, 72, 84, 90, 66, 18, 32, 36, 48, 50, 4, 86, 82, 83, 56), 0.795)
((86, 62, 90, 88, 68, 66, 32, 60, 84), 0.795)
((28, 83, 68, 12, 82, 86, 36, 87, 4, 72, 48, 8, 60, 50), 0.795)
((56, 8, 91, 89, 48, 84, 82, 54, 87), 0.795)
((56, 4, 40, 32, 80, 50, 87, 54, 91, 18, 62), 0.79625)
((40, 87, 16, 32, 88, 84, 36, 4, 34, 72, 80, 66), 0.79625)
((83, 90, 34, 48, 36, 62, 72, 89, 68, 40, 54, 32, 80, 91, 86, 4, 88, 8), 0.79625)
((90, 8, 91, 28, 83, 82), 0.79625)
((91, 87, 40, 86, 50, 80, 4, 88, 54, 72, 56), 0.79625)
((4, 56, 28, 66, 83), 0.79625)
((86, 62, 90, 88, 68, 66, 32, 60, 84), 0.7975)
((4, 60, 91, 16, 62, 8, 68, 36, 88), 0.7975)
((86, 62, 90, 88, 68, 66, 32, 60, 84), 0.7975)
((86, 62, 90, 88, 68, 66, 32, 60, 84), 0.7975)
((80, 50, 18, 40, 4, 56, 86, 12, 82, 16, 68), 0.7975)
((86, 62, 90, 88, 68, 66, 32, 60, 84), 0.7975)
((90, 84, 4, 82, 28, 50, 16, 87, 48, 54, 8, 32, 18, 36, 34, 66, 68, 60), 0.7975)
((90, 8, 91, 28, 83, 82), 0.7975)
((82, 84, 48, 36, 16, 68, 28, 18, 32, 80, 88, 4, 86, 66, 87), 0.7975)
((87, 66, 28, 4, 8, 90, 68, 50, 36), 0.7975)
((90, 8, 91, 28, 88, 82), 0.7975)
((90, 8, 91, 28, 88, 82), 0.7975)
((68, 88, 16, 54, 32, 80, 86, 60, 66, 82, 84, 4, 28, 48, 87), 0.79875)
((86, 62, 90, 88, 68, 66, 32, 60, 84), 0.79875)
((82, 84, 48, 36, 16, 68, 28, 18, 32, 80, 88, 4, 86, 66, 87), 0.79875)
((87, 66, 40, 56, 8, 50, 84, 4, 88, 80, 28, 86, 82, 12, 90, 48, 62, 54), 0.8)
((82, 84, 48, 36, 16, 68, 28, 18, 32, 80, 88, 4, 86, 66, 87), 0.8)
((62, 4, 82, 18, 50, 84, 16, 60, 48, 34, 86, 68, 88), 0.8)
((56, 8, 91, 89, 48, 62, 32, 36, 66, 4, 28, 84, 82), 0.8)
((88, 60, 28, 68, 54, 90), 0.8)
((36, 28, 87, 8, 66, 12, 84, 4, 90, 48, 34, 40), 0.8)
((18, 84, 54, 87, 66, 40, 62, 34, 91, 12, 32, 89), 0.80125)
((90, 8, 91, 28, 83, 82), 0.80125)
((90, 8, 91, 28, 83, 82), 0.80125)
((34, 89, 68, 82, 16, 36, 66, 80, 18), 0.80125)
((48, 66, 28, 54, 50, 91, 86, 12, 82, 34, 80, 88, 62, 60, 84), 0.80125)
((86, 62, 90, 88, 68, 66, 32, 60, 84), 0.80125)
((82, 84, 48, 36, 16, 68, 28, 18, 32, 80, 88, 4, 86, 66, 87), 0.80125)
((86, 62, 90, 88, 68, 66, 32, 60, 84), 0.80125)
((36, 28, 87, 8, 66, 72, 84, 4, 90), 0.8025)
((90, 8, 91, 28, 88, 82), 0.8025)
((91, 87, 40, 32, 50, 88, 4, 80, 54, 18, 62), 0.80375)
((82, 84, 48, 36, 16, 68, 28, 18, 32, 80, 88, 4, 86, 66, 87), 0.80375)
((82, 84, 48, 36, 16, 68, 28, 18, 32, 80, 88, 4, 86, 66, 87), 0.80375)
((82, 84, 48, 36, 16, 68, 28, 18, 32, 80, 88, 4, 86, 66, 87), 0.80875)
((86, 62, 90, 88, 68, 66, 32, 60, 84), 0.81)
